115 335 0.905175 -0.425039 0.9534 -0.301709 4.82992
115 335 0.905175 -0.425039 0.9534 -0.301709 4.82992
115 335 0.905175 -0.425039 0.9534 -0.301709 4.82992
115 335 0.905175 -0.425039 0.9534 -0.301709 4.82992
115 335 0.905175 -0.425039 0.9534 -0.301709 4.82992
115 334 0.905175 -0.425039 0.95682 -0.29068 4.82992
115 334 0.905175 -0.425039 0.95682 -0.29068 4.82992
115 334 0.905175 -0.425039 0.95682 -0.29068 4.82992
115 334 0.905175 -0.425039 0.95682 -0.29068 4.82992
115 334 0.905175 -0.425039 0.95682 -0.29068 4.82992
115 334 0.905175 -0.425039 0.95682 -0.29068 4.82992
115 334 0.905175 -0.425039 0.95682 -0.29068 4.82992
115 335 0.905175 -0.425039 0.9534 -0.301709 4.82992
115 335 0.905175 -0.425039 0.9534 -0.301709 4.82992
115 334 0.905175 -0.425039 0.95682 -0.29068 4.82992
115 334 0.905175 -0.425039 0.95682 -0.29068 4.82992
115 334 0.905175 -0.425039 0.95682 -0.29068 4.82992
115 334 0.905175 -0.425039 0.95682 -0.29068 4.82992
115 334 0.905175 -0.425039 0.95682 -0.29068 4.82992
115 334 0.905175 -0.425039 0.95682 -0.29068 4.82992
115 334 0.905175 -0.425039 0.95682 -0.29068 4.82992
115 335 0.905175 -0.425039 0.9534 -0.301709 4.82992
115 335 0.905175 -0.425039 0.9534 -0.301709 4.82992
115 335 0.905175 -0.425039 0.9534 -0.301709 4.82992
115 334 0.905175 -0.425039 0.95682 -0.29068 4.82992
115 334 0.905175 -0.425039 0.95682 -0.29068 4.82992
115 334 0.905175 -0.425039 0.95682 -0.29068 4.82992
115 334 0.905175 -0.425039 0.95682 -0.29068 4.82992
115 334 0.905175 -0.425039 0.95682 -0.29068 4.82992
115 334 0.905175 -0.425039 0.95682 -0.29068 4.82992
115 334 0.905175 -0.425039 0.95682 -0.29068 4.82992
115 335 0.905175 -0.425039 0.9534 -0.301709 4.82992
115 335 0.905175 -0.425039 0.9534 -0.301709 4.82992
115 335 0.905175 -0.425039 0.9534 -0.301709 4.82992
115 334 0.905175 -0.425039 0.95682 -0.29068 4.82992
115 334 0.905175 -0.425039 0.95682 -0.29068 4.82992
115 334 0.905175 -0.425039 0.95682 -0.29068 4.82992
115 334 0.905175 -0.425039 0.95682 -0.29068 4.82992
115 334 0.905175 -0.425039 0.95682 -0.29068 4.82992
115 334 0.905175 -0.425039 0.95682 -0.29068 4.82992
115 334 0.905175 -0.425039 0.95682 -0.29068 4.82992
115 335 0.905175 -0.425039 0.9534 -0.301709 4.82992
115 335 0.905175 -0.425039 0.9534 -0.301709 4.82992
115 335 0.905175 -0.425039 0.9534 -0.301709 4.82992
115 335 0.905175 -0.425039 0.9534 -0.301709 4.82992
115 334 0.905175 -0.425039 0.95682 -0.29068 4.82992
115 334 0.905175 -0.425039 0.95682 -0.29068 4.82992
115 334 0.905175 -0.425039 0.95682 -0.29068 4.82992
115 334 0.905175 -0.425039 0.95682 -0.29068 4.82992
115 334 0.905175 -0.425039 0.95682 -0.29068 4.82992
115 334 0.905175 -0.425039 0.95682 -0.29068 4.82992
115 334 0.905175 -0.425039 0.95682 -0.29068 4.82992
115 334 0.905175 -0.425039 0.95682 -0.29068 4.82992
115 334 0.905175 -0.425039 0.95682 -0.29068 4.82992
115 334 0.905175 -0.425039 0.957826 -0.287348 3.8418
115 333 0.905175 -0.425039 0.95682 -0.29068 4.1396
115 333 0.90819 -0.418557 0.9534 -0.301709 2.92075
114 332 0.903738 -0.428086 0.95682 -0.29068 4.1396
114 332 0.903738 -0.428086 0.95682 -0.29068 2.92075
114 333 0.906792 -0.421579 0.9534 -0.301709 4.1396
114 333 0.906792 -0.421579 0.95682 -0.29068 4.02313
113 333 0.905363 -0.424639 0.95682 -0.29068 2.92075
113 333 0.905363 -0.424639 0.9534 -0.301709 4.1396
109 335 0.905758 -0.423795 0.95682 -0.29068 4.95064
109 335 0.905758 -0.423795 0.95682 -0.29068 4.95064
108 335 0.904249 -0.427006 0.95682 -0.29068 3.8418
108 336 0.907467 -0.420124 0.952282 -0.305219 2.92075
107 336 0.905967 -0.423349 0.9534 -0.301709 3.10416
107 336 0.905967 -0.423349 0.9534 -0.301709 4.95064
106 335 0.904432 -0.426619 0.9534 -0.301709 4.95064
106 335 0.904432 -0.426619 0.9534 -0.301709 4.95064
105 335 0.906183 -0.422885 0.9534 -0.301709 4.95064
105 334 0.90286 -0.429934 0.95682 -0.29068 4.95064
105 334 0.906183 -0.422885 0.952282 -0.305219 3.8418
104 334 0.904621 -0.426216 0.952282 -0.305219 3.28551
104 333 0.904621 -0.426216 0.95682 -0.29068 4.21301
103 332 0.903023 -0.429593 0.9534 -0.301709 4.21301
99 333 0.903366 -0.428871 0.952282 -0.305219 4.95064
99 332 0.903366 -0.428871 0.952282 -0.305219 4.95064
98 331 0.905237 -0.424907 0.952282 -0.305219 4.95064
98 330 0.905237 -0.424907 0.952282 -0.305219 3.8418
98 329 0.905237 -0.424907 0.952282 -0.305219 3.8418
97 329 0.903548 -0.428487 0.952282 -0.305219 4.95064
97 328 0.903548 -0.428487 0.952282 -0.305219 4.34002
97 328 0.903548 -0.428487 0.952282 -0.305219 3.8418
97 328 0.903548 -0.428487 0.952282 -0.305219 4.21301
96 327 0.901816 -0.43212 0.952282 -0.305219 3.8418
96 327 0.901816 -0.43212 0.952282 -0.305219 4.95064
96 327 0.901816 -0.43212 0.952282 -0.305219 4.21301
96 327 0.901816 -0.43212 0.952282 -0.305219 3.8418
96 327 0.901816 -0.43212 0.952282 -0.305219 3.8418
92 329 0.902134 -0.431455 0.952282 -0.305219 4.95064
95 327 0.900039 -0.435809 0.9534 -0.301709 4.21301
95 327 0.903738 -0.428086 0.952282 -0.305219 3.8418
91 328 0.900284 -0.435302 0.952282 -0.305219 3.8418
91 328 0.900284 -0.435302 0.952282 -0.305219 3.8418
90 328 0.902304 -0.431101 0.9534 -0.301709 4.21301
90 328 0.902304 -0.431101 0.9534 -0.301709 4.21301
90 327 0.902304 -0.431101 0.952282 -0.305219 4.21301
89 327 0.900415 -0.435032 0.952282 -0.305219 4.95064
89 327 0.900415 -0.435032 0.9534 -0.301709 3.10416
89 327 0.900415 -0.435032 0.952282 -0.305219 3.8418
89 327 0.900415 -0.435032 0.952282 -0.305219 3.8418
89 327 0.904358 -0.426776 0.952282 -0.305219 4.95064
89 326 0.900415 -0.435032 0.955779 -0.294086 4.95064
89 326 0.900415 -0.435032 0.952282 -0.305219 3.8418
89 326 0.900415 -0.435032 0.952282 -0.305219 3.8418
88 326 0.898474 -0.439027 0.9534 -0.301709 3.10416
88 326 0.902481 -0.43073 0.9534 -0.301709 4.21301
88 325 0.898474 -0.439027 0.952282 -0.305219 5.06064
88 325 0.902481 -0.43073 0.952282 -0.305219 3.8418
88 324 0.898474 -0.439027 0.952282 -0.305219 3.10416
88 324 0.902481 -0.43073 0.9534 -0.301709 4.21301
88 323 0.898474 -0.439027 0.952282 -0.305219 3.8418
88 323 0.902481 -0.43073 0.952282 -0.305219 4.21301
88 322 0.898474 -0.439027 0.952282 -0.305219 3.10416
88 322 0.898474 -0.439027 0.952282 -0.305219 3.10416
88 322 0.902481 -0.43073 0.952282 -0.305219 3.10416
88 322 0.902481 -0.43073 0.952282 -0.305219 3.10416
88 322 0.902481 -0.43073 0.952282 -0.305219 4.21301
88 322 0.902481 -0.43073 0.952282 -0.305219 4.21301
88 322 0.902481 -0.43073 0.951125 -0.308807 3.28551
88 322 0.902481 -0.43073 0.951125 -0.308807 4.21301
88 322 0.902481 -0.43073 0.951125 -0.308807 4.21301
88 322 0.902481 -0.43073 0.951125 -0.308807 4.21301
88 322 0.902481 -0.43073 0.951125 -0.308807 4.21301
88 322 0.902481 -0.43073 0.951125 -0.308807 4.21301
88 322 0.902481 -0.43073 0.951125 -0.308807 4.21301
88 322 0.898474 -0.439027 0.951125 -0.308807 4.21301
88 322 0.898474 -0.439027 0.951125 -0.308807 3.10416
89 323 0.900415 -0.435032 0.951125 -0.308807 4.0622
89 323 0.900415 -0.435032 0.9547 -0.297569 4.21301
89 323 0.900415 -0.435032 0.951125 -0.308807 4.0622
93 322 0.900159 -0.435561 0.951125 -0.308807 4.0622
93 322 0.900159 -0.435561 0.9547 -0.297569 5.17645
93 322 0.900159 -0.435561 0.951125 -0.308807 4.0622
94 323 0.901972 -0.431795 0.949926 -0.312476 4.54518
94 323 0.901972 -0.431795 0.953583 -0.301131 3.29243
93 324 0.900159 -0.435561 0.949926 -0.312476 4.54518
93 324 0.900159 -0.435561 0.953583 -0.301131 5.17645
93 324 0.900159 -0.435561 0.949926 -0.312476 3.29243
93 324 0.900159 -0.435561 0.949926 -0.312476 3.29243
93 324 0.900159 -0.435561 0.949926 -0.312476 3.29243
93 324 0.900159 -0.435561 0.949926 -0.312476 5.54188
93 324 0.900159 -0.435561 0.949926 -0.312476 3.29243
93 324 0.900159 -0.435561 0.949926 -0.312476 3.29243
93 324 0.900159 -0.435561 0.949926 -0.312476 5.54188
93 324 0.900159 -0.435561 0.949926 -0.312476 5.54188
93 324 0.900159 -0.435561 0.949926 -0.312476 5.54188
93 324 0.900159 -0.435561 0.948683 -0.316228 4.54518
93 324 0.900159 -0.435561 0.948683 -0.316228 4.54518
93 324 0.900159 -0.435561 0.949926 -0.312476 4.54518
93 324 0.900159 -0.435561 0.949926 -0.312476 4.54518
93 324 0.900159 -0.435561 0.949926 -0.312476 4.54518
89 326 0.900415 -0.435032 0.953583 -0.301131 5.65944
89 326 0.900415 -0.435032 0.953583 -0.301131 5.65944
89 326 0.900415 -0.435032 0.953583 -0.301131 4.40668
89 326 0.900415 -0.435032 0.953583 -0.301131 4.40668
89 326 0.900415 -0.435032 0.953583 -0.301131 4.40668
89 326 0.900415 -0.435032 0.953583 -0.301131 4.40668
89 326 0.900415 -0.435032 0.953583 -0.301131 4.40668
89 326 0.900415 -0.435032 0.953583 -0.301131 4.40668
89 326 0.900415 -0.435032 0.953583 -0.301131 4.40668
89 326 0.900415 -0.435032 0.953583 -0.301131 4.40668
89 326 0.900415 -0.435032 0.953583 -0.301131 4.40668
89 326 0.900415 -0.435032 0.953583 -0.301131 4.40668
89 326 0.900415 -0.435032 0.953583 -0.301131 4.40668
89 326 0.900415 -0.435032 0.953583 -0.301131 4.40668
89 326 0.900415 -0.435032 0.953583 -0.301131 4.40668
89 327 0.904358 -0.426776 0.948683 -0.316228 2.33436
92 325 0.902134 -0.431455 0.949926 -0.312476 3.10416
92 325 0.902134 -0.431455 0.949926 -0.312476 2.33436
92 325 0.902134 -0.431455 0.949926 -0.312476 3.10416
92 325 0.902134 -0.431455 0.949926 -0.312476 3.10416
92 325 0.902134 -0.431455 0.949926 -0.312476 4.0622
88 327 0.902481 -0.43073 0.949926 -0.312476 4.0622
88 327 0.902481 -0.43073 0.949926 -0.312476 4.54518
88 327 0.902481 -0.43073 0.949926 -0.312476 4.54518
88 327 0.902481 -0.43073 0.953583 -0.301131 4.2891
88 327 0.898474 -0.439027 0.9547 -0.297569 4.2891
88 327 0.902481 -0.43073 0.953583 -0.301131 4.0622
88 327 0.902481 -0.43073 0.953583 -0.301131 4.0622
88 327 0.902481 -0.43073 0.949926 -0.312476 4.0622
88 327 0.902481 -0.43073 0.949926 -0.312476 4.54518
88 328 0.902481 -0.43073 0.949926 -0.312476 4.54518
87 328 0.900552 -0.434749 0.951125 -0.308807 4.54518
87 328 0.900552 -0.434749 0.9547 -0.297569 4.40668
87 328 0.900552 -0.434749 0.9547 -0.297569 5.17645
87 328 0.900552 -0.434749 0.951125 -0.308807 4.40668
87 328 0.900552 -0.434749 0.951125 -0.308807 3.29243
87 328 0.900552 -0.434749 0.951125 -0.308807 3.29243
87 328 0.900552 -0.434749 0.951125 -0.308807 3.29243
87 328 0.900552 -0.434749 0.951125 -0.308807 4.54518
87 328 0.900552 -0.434749 0.951125 -0.308807 4.54518
87 329 0.900552 -0.434749 0.951125 -0.308807 5.29805
88 329 0.902481 -0.43073 0.953583 -0.301131 5.17645
88 329 0.902481 -0.43073 0.953583 -0.301131 4.0622
88 329 0.902481 -0.43073 0.953583 -0.301131 4.21301
88 329 0.902481 -0.43073 0.949926 -0.312476 3.10416
88 329 0.902481 -0.43073 0.949926 -0.312476 3.10416
88 329 0.902481 -0.43073 0.949926 -0.312476 3.10416
88 329 0.902481 -0.43073 0.949926 -0.312476 3.10416
88 329 0.902481 -0.43073 0.949926 -0.312476 3.10416
88 329 0.902481 -0.43073 0.949926 -0.312476 3.44322
88 329 0.902481 -0.43073 0.951125 -0.308807 3.29243
88 329 0.902481 -0.43073 0.951125 -0.308807 4.0622
88 330 0.902481 -0.43073 0.951125 -0.308807 4.0622
88 330 0.902481 -0.43073 0.949926 -0.312476 4.0622
88 330 0.902481 -0.43073 0.949926 -0.312476 4.0622
88 330 0.902481 -0.43073 0.949926 -0.312476 4.34002
88 330 0.902481 -0.43073 0.949926 -0.312476 4.34002
88 330 0.902481 -0.43073 0.949926 -0.312476 3.58714
88 330 0.902481 -0.43073 0.951125 -0.308807 4.54518
89 330 0.904358 -0.426776 0.949926 -0.312476 5.29805
89 330 0.904358 -0.426776 0.953583 -0.301131 4.21301
89 330 0.900415 -0.435032 0.9547 -0.297569 6.41232
89 330 0.900415 -0.435032 0.953583 -0.301131 4.21301
93 328 0.900159 -0.435561 0.951125 -0.308807 5.29805
90 330 0.902304 -0.431101 0.949926 -0.312476 4.34002
94 328 0.901972 -0.431795 0.951125 -0.308807 4.54518
94 328 0.901972 -0.431795 0.951125 -0.308807 5.29805
94 328 0.901972 -0.431795 0.951125 -0.308807 5.29805
94 328 0.901972 -0.431795 0.949926 -0.312476 5.29805
94 328 0.901972 -0.431795 0.949926 -0.312476 5.29805
94 328 0.901972 -0.431795 0.949926 -0.312476 4.14512
94 328 0.901972 -0.431795 0.949926 -0.312476 4.34002
94 328 0.901972 -0.431795 0.949926 -0.312476 4.34002
94 329 0.901972 -0.431795 0.949926 -0.312476 4.34002
94 328 0.901972 -0.431795 0.951125 -0.308807 4.54518
94 328 0.901972 -0.431795 0.9547 -0.297569 4.0622
94 328 0.901972 -0.431795 0.9547 -0.297569 4.0622
95 328 0.903738 -0.428086 0.953583 -0.301131 4.0622
95 328 0.903738 -0.428086 0.953583 -0.301131 3.10416
95 328 0.903738 -0.428086 0.953583 -0.301131 3.10416
95 328 0.903738 -0.428086 0.953583 -0.301131 3.10416
95 328 0.903738 -0.428086 0.953583 -0.301131 4.34002
95 328 0.900039 -0.435809 0.953583 -0.301131 2.33436
95 328 0.900039 -0.435809 0.9547 -0.297569 3.29243
95 328 0.900039 -0.435809 0.9547 -0.297569 4.0622
95 328 0.903738 -0.428086 0.9547 -0.297569 4.21301
95 328 0.903738 -0.428086 0.953583 -0.301131 4.21301
95 328 0.903738 -0.428086 0.953583 -0.301131 4.21301
95 328 0.903738 -0.428086 0.951125 -0.308807 2.13947
95 328 0.903738 -0.428086 0.951125 -0.308807 3.39223
95 328 0.903738 -0.428086 0.951125 -0.308807 3.39223
95 328 0.903738 -0.428086 0.951125 -0.308807 3.39223
95 328 0.903738 -0.428086 0.951125 -0.308807 3.39223
95 328 0.903738 -0.428086 0.951125 -0.308807 3.39223
95 328 0.900039 -0.435809 0.951125 -0.308807 5.29805
96 328 0.901816 -0.43212 0.949926 -0.312476 5.29805
96 328 0.901816 -0.43212 0.949926 -0.312476 5.29805
96 328 0.901816 -0.43212 0.953583 -0.301131 5.29805
96 327 0.901816 -0.43212 0.953583 -0.301131 5.29805
96 327 0.901816 -0.43212 0.953583 -0.301131 2.33436
96 327 0.901816 -0.43212 0.9547 -0.297569 3.29243
96 327 0.901816 -0.43212 0.9547 -0.297569 3.29243
96 327 0.901816 -0.43212 0.9547 -0.297569 3.29243
96 327 0.901816 -0.43212 0.9547 -0.297569 3.29243
96 327 0.901816 -0.43212 0.9547 -0.297569 4.54518
96 327 0.901816 -0.43212 0.953583 -0.301131 4.0622
96 327 0.901816 -0.43212 0.953583 -0.301131 4.0622
96 327 0.901816 -0.43212 0.953583 -0.301131 3.10416
96 328 0.901816 -0.43212 0.953583 -0.301131 3.10416
96 327 0.901816 -0.43212 0.953583 -0.301131 2.33436
96 327 0.901816 -0.43212 0.951125 -0.308807 2.13947
96 327 0.901816 -0.43212 0.951125 -0.308807 3.39223
96 327 0.901816 -0.43212 0.951125 -0.308807 4.54518
96 327 0.901816 -0.43212 0.9547 -0.297569 4.0622
97 327 0.903548 -0.428487 0.953583 -0.301131 4.0622
100 325 0.901523 -0.432731 0.953583 -0.301131 4.0622
100 325 0.901523 -0.432731 0.953583 -0.301131 4.0622
100 325 0.901523 -0.432731 0.953583 -0.301131 4.0622
100 325 0.901523 -0.432731 0.953583 -0.301131 3.10416
100 325 0.901523 -0.432731 0.953583 -0.301131 2.33436
100 325 0.901523 -0.432731 0.953583 -0.301131 2.33436
100 325 0.901523 -0.432731 0.953583 -0.301131 2.33436
100 325 0.901523 -0.432731 0.949926 -0.312476 1.95844
100 325 0.901523 -0.432731 0.953583 -0.301131 2.33436
100 325 0.901523 -0.432731 0.949926 -0.312476 1.95844
100 325 0.901523 -0.432731 0.949926 -0.312476 4.34002
100 325 0.901523 -0.432731 0.949926 -0.312476 3.58714
100 324 0.89799 -0.440015 0.953583 -0.301131 3.58714
100 324 0.89799 -0.440015 0.953583 -0.301131 3.58714
100 324 0.89799 -0.440015 0.9547 -0.297569 4.54518
100 324 0.89799 -0.440015 0.9547 -0.297569 4.54518
100 324 0.901523 -0.432731 0.9547 -0.297569 4.54518
100 324 0.901523 -0.432731 0.9547 -0.297569 3.29243
100 324 0.901523 -0.432731 0.9547 -0.297569 3.29243
100 324 0.901523 -0.432731 0.9547 -0.297569 3.29243
100 324 0.901523 -0.432731 0.9547 -0.297569 4.0622
100 324 0.901523 -0.432731 0.9547 -0.297569 4.0622
101 324 0.903191 -0.429239 0.949926 -0.312476 4.34002
101 324 0.903191 -0.429239 0.949926 -0.312476 4.34002
101 324 0.903191 -0.429239 0.949926 -0.312476 4.34002
97 325 0.899924 -0.436046 0.953583 -0.301131 5.29805
97 325 0.899924 -0.436046 0.953583 -0.301131 5.29805
97 325 0.899924 -0.436046 0.953583 -0.301131 5.29805
97 325 0.899924 -0.436046 0.953583 -0.301131 5.29805
97 325 0.899924 -0.436046 0.953583 -0.301131 5.29805
97 325 0.899924 -0.436046 0.953583 -0.301131 4.0622
100 323 0.89799 -0.440015 0.9547 -0.297569 4.0622
100 323 0.89799 -0.440015 0.9547 -0.297569 4.0622
100 323 0.89799 -0.440015 0.9547 -0.297569 4.0622
100 323 0.901523 -0.432731 0.9547 -0.297569 4.0622
100 323 0.901523 -0.432731 0.9547 -0.297569 4.0622
100 323 0.901523 -0.432731 0.951125 -0.308807 2.13947
100 323 0.901523 -0.432731 0.951125 -0.308807 3.39223
100 323 0.901523 -0.432731 0.951125 -0.308807 3.39223
100 323 0.901523 -0.432731 0.949926 -0.312476 3.58714
97 325 0.903548 -0.428487 0.949926 -0.312476 4.34002
97 325 0.903548 -0.428487 0.949926 -0.312476 4.34002
97 325 0.903548 -0.428487 0.949926 -0.312476 4.34002
96 325 0.901816 -0.43212 0.951125 -0.308807 4.34002
96 324 0.898138 -0.439713 0.9547 -0.297569 4.34002
96 324 0.898138 -0.439713 0.9547 -0.297569 5.29805
96 324 0.901816 -0.43212 0.9547 -0.297569 4.0622
96 324 0.901816 -0.43212 0.953583 -0.301131 3.10416
96 324 0.901816 -0.43212 0.9547 -0.297569 4.34002
96 324 0.901816 -0.43212 0.9547 -0.297569 4.21301
96 323 0.901816 -0.43212 0.951125 -0.308807 3.39223
96 323 0.901816 -0.43212 0.949926 -0.312476 3.19429
95 323 0.900039 -0.435809 0.951125 -0.308807 4.34002
95 323 0.900039 -0.435809 0.9547 -0.297569 4.34002
95 323 0.900039 -0.435809 0.9547 -0.297569 4.34002
95 323 0.900039 -0.435809 0.9547 -0.297569 4.34002
95 323 0.900039 -0.435809 0.9547 -0.297569 4.34002
95 323 0.900039 -0.435809 0.9547 -0.297569 4.34002
95 323 0.900039 -0.435809 0.9547 -0.297569 3.10416
95 323 0.900039 -0.435809 0.9547 -0.297569 3.10416
95 322 0.900039 -0.435809 0.9547 -0.297569 3.29243
95 322 0.900039 -0.435809 0.949926 -0.312476 3.58714
95 322 0.900039 -0.435809 0.951125 -0.308807 3.19429
95 322 0.900039 -0.435809 0.951125 -0.308807 4.34002
95 322 0.900039 -0.435809 0.951125 -0.308807 4.34002
95 322 0.903738 -0.428086 0.951125 -0.308807 4.34002
95 322 0.903738 -0.428086 0.949926 -0.312476 3.8418
94 322 0.901972 -0.431795 0.951125 -0.308807 3.10416
94 322 0.901972 -0.431795 0.951125 -0.308807 4.34002
94 322 0.901972 -0.431795 0.951125 -0.308807 4.34002
94 321 0.898217 -0.439553 0.9547 -0.297569 3.10416
94 321 0.898217 -0.439553 0.9547 -0.297569 3.10416
94 321 0.898217 -0.439553 0.9547 -0.297569 3.10416
94 321 0.898217 -0.439553 0.953583 -0.301131 3.10416
94 321 0.898217 -0.439553 0.953583 -0.301131 3.10416
94 321 0.898217 -0.439553 0.953583 -0.301131 3.10416
94 321 0.898217 -0.439553 0.953583 -0.301131 3.8418
94 321 0.898217 -0.439553 0.953583 -0.301131 3.8418
94 321 0.898217 -0.439553 0.953583 -0.301131 3.10416
94 321 0.898217 -0.439553 0.953583 -0.301131 4.34002
94 321 0.898217 -0.439553 0.953583 -0.301131 3.10416
94 321 0.898217 -0.439553 0.953583 -0.301131 3.10416
94 321 0.898217 -0.439553 0.9547 -0.297569 3.10416
94 321 0.898217 -0.439553 0.9547 -0.297569 3.10416
94 322 0.901972 -0.431795 0.951125 -0.308807 3.10416
94 322 0.901972 -0.431795 0.951125 -0.308807 4.34002
90 324 0.902304 -0.431101 0.949926 -0.312476 3.10416
89 324 0.900415 -0.435032 0.951125 -0.308807 4.34002
89 323 0.900415 -0.435032 0.951125 -0.308807 3.10416
89 323 0.900415 -0.435032 0.951125 -0.308807 4.21301
88 322 0.898474 -0.439027 0.951125 -0.308807 4.34002
88 322 0.898474 -0.439027 0.951125 -0.308807 3.10416
88 321 0.898474 -0.439027 0.951125 -0.308807 4.14512
88 321 0.898474 -0.439027 0.951125 -0.308807 2.18313
88 320 0.898474 -0.439027 0.951125 -0.308807 3.10416
88 320 0.898474 -0.439027 0.951125 -0.308807 3.10416
88 320 0.898474 -0.439027 0.951125 -0.308807 3.10416
88 320 0.902481 -0.43073 0.951125 -0.308807 4.21301
88 319 0.898474 -0.439027 0.949926 -0.312476 3.58714
87 319 0.896479 -0.443087 0.951125 -0.308807 4.34002
87 319 0.900552 -0.434749 0.951125 -0.308807 3.10416
87 319 0.900552 -0.434749 0.951125 -0.308807 3.10416
87 318 0.896479 -0.443087 0.951125 -0.308807 4.34002
87 318 0.900552 -0.434749 0.949926 -0.312476 3.28551
87 317 0.896479 -0.443087 0.951125 -0.308807 4.34002
87 317 0.900552 -0.434749 0.951125 -0.308807 3.10416
87 316 0.900552 -0.434749 0.951125 -0.308807 3.10416
86 315 0.898567 -0.438835 0.951125 -0.308807 3.10416
86 314 0.898567 -0.438835 0.951125 -0.308807 3.10416
86 313 0.898567 -0.438835 0.951125 -0.308807 3.10416
86 312 0.898567 -0.438835 0.951125 -0.308807 3.10416
85 311 0.896527 -0.44299 0.951125 -0.308807 3.10416
82 312 0.898768 -0.438424 0.947446 -0.319917 4.34002
82 311 0.898768 -0.438424 0.951125 -0.308807 4.21301
82 310 0.894427 -0.447214 0.951125 -0.308807 4.34002
81 310 0.89663 -0.44278 0.951125 -0.308807 3.10416
81 310 0.89663 -0.44278 0.947446 -0.319917 3.19429
81 310 0.89663 -0.44278 0.947446 -0.319917 3.10416
81 309 0.89663 -0.44278 0.951125 -0.308807 3.10416
81 309 0.89663 -0.44278 0.951125 -0.308807 4.21301
81 309 0.89663 -0.44278 0.951125 -0.308807 3.8418
81 309 0.89663 -0.44278 0.951125 -0.308807 4.21301
81 309 0.89663 -0.44278 0.951125 -0.308807 4.21301
81 309 0.89663 -0.44278 0.951125 -0.308807 4.21301
80 309 0.894427 -0.447214 0.952282 -0.305219 4.0622
80 309 0.894427 -0.447214 0.951125 -0.308807 4.21301
80 308 0.894427 -0.447214 0.947446 -0.319917 1.95844
80 308 0.894427 -0.447214 0.947446 -0.319917 4.34002
80 308 0.894427 -0.447214 0.947446 -0.319917 3.10416
77 309 0.896744 -0.442549 0.951125 -0.308807 3.10416
76 309 0.894427 -0.447214 0.948683 -0.316228 3.10416
76 308 0.894427 -0.447214 0.947446 -0.319917 4.21301
76 306 0.894427 -0.447214 0.948683 -0.316228 5.29805
76 304 0.894427 -0.447214 0.947446 -0.319917 3.10416
75 303 0.892036 -0.451965 0.947446 -0.319917 3.10416
75 301 0.892036 -0.451965 0.947446 -0.319917 3.10416
75 299 0.892036 -0.451965 0.947446 -0.319917 4.21301
75 297 0.887217 -0.461353 0.947446 -0.319917 4.21301
75 296 0.892036 -0.451965 0.943667 -0.330896 3.10416
75 294 0.892036 -0.451965 0.943667 -0.330896 3.10416
75 292 0.887217 -0.461353 0.947446 -0.319917 4.21301
75 291 0.887217 -0.461353 0.947446 -0.319917 3.10416
75 289 0.887217 -0.461353 0.943667 -0.330896 3.10416
75 287 0.887217 -0.461353 0.943667 -0.330896 3.10416
75 286 0.887217 -0.461353 0.943667 -0.330896 3.10416
75 284 0.887217 -0.461353 0.947446 -0.319917 4.21301
75 283 0.887217 -0.461353 0.943667 -0.330896 3.10416
79 280 0.887584 -0.460645 0.942302 -0.334765 4.34002
79 278 0.887584 -0.460645 0.942302 -0.334765 3.10416
79 277 0.887584 -0.460645 0.942302 -0.334765 2.33436
79 276 0.887584 -0.460645 0.943667 -0.330896 4.54518
79 275 0.887584 -0.460645 0.943667 -0.330896 4.21301
79 273 0.882971 -0.469428 0.943667 -0.330896 3.10416
79 272 0.887584 -0.460645 0.943667 -0.330896 4.21301
79 270 0.882971 -0.469428 0.943667 -0.330896 3.29243
79 269 0.887584 -0.460645 0.943667 -0.330896 4.21301
75 269 0.882353 -0.470588 0.939793 -0.341743 4.21301
78 267 0.885164 -0.465279 0.939793 -0.341743 3.10416
75 267 0.882353 -0.470588 0.939793 -0.341743 3.10416
75 266 0.882353 -0.470588 0.939793 -0.341743 3.10416
75 265 0.882353 -0.470588 0.939793 -0.341743 3.10416
74 264 0.879707 -0.475517 0.944986 -0.327111 3.00918
74 264 0.879707 -0.475517 0.939793 -0.341743 2.08167
74 263 0.879707 -0.475517 0.939793 -0.341743 4.95064
74 262 0.879707 -0.475517 0.941195 -0.337865 4.95064
74 262 0.879707 -0.475517 0.941195 -0.337865 4.95064
74 261 0.879707 -0.475517 0.941195 -0.337865 3.76213
71 262 0.881665 -0.471877 0.941195 -0.337865 2.83461
71 262 0.881665 -0.471877 0.937313 -0.348488 4.02313
71 261 0.881665 -0.471877 0.942549 -0.334068 4.83492
71 261 0.881665 -0.471877 0.938748 -0.344604 2.83461
71 261 0.881665 -0.471877 0.937313 -0.348488 3.28551
74 260 0.879707 -0.475517 0.938748 -0.344604 2.83461
75 260 0.882353 -0.470588 0.938748 -0.344604 3.76213
66 252 0.883462 -0.468503 0.941479 -0.337073 3.55731
66 253 0.883462 -0.468503 0.945125 -0.32671 4.62521
66 254 0.883462 -0.468503 0.941479 -0.337073 2.66427
67 255 0.886349 -0.463018 0.941479 -0.337073 4.62521
67 256 0.886349 -0.463018 0.942778 -0.333421 3.48073
67 256 0.880893 -0.473316 0.945125 -0.32671 2.58194
68 257 0.883788 -0.467888 0.941479 -0.337073 3.72641
68 258 0.883788 -0.467888 0.942778 -0.333421 3.72641
71 257 0.881665 -0.471877 0.94635 -0.323144 4.62521
68 260 0.883788 -0.467888 0.945125 -0.32671 2.58194
72 259 0.884385 -0.466759 0.945125 -0.32671 3.72641
72 260 0.884385 -0.466759 0.942778 -0.333421 3.72641
73 260 0.887018 -0.461735 0.945125 -0.32671 3.29001
73 261 0.887018 -0.461735 0.942778 -0.333421 3.72641
73 261 0.887018 -0.461735 0.94635 -0.323144 4.75631
73 261 0.887018 -0.461735 0.94635 -0.323144 4.62521
73 262 0.887018 -0.461735 0.94635 -0.323144 2.58194
73 262 0.887018 -0.461735 0.94635 -0.323144 3.72641
73 262 0.887018 -0.461735 0.94635 -0.323144 4.42052
73 262 0.887018 -0.461735 0.942778 -0.333421 4.42052
73 262 0.887018 -0.461735 0.942778 -0.333421 3.35839
73 263 0.887018 -0.461735 0.94635 -0.323144 2.58194
73 263 0.887018 -0.461735 0.94635 -0.323144 3.72641
73 263 0.887018 -0.461735 0.942778 -0.333421 4.42052
73 264 0.887018 -0.461735 0.94635 -0.323144 4.31992
73 264 0.887018 -0.461735 0.947535 -0.319651 3.72641
74 264 0.889567 -0.456805 0.942778 -0.333421 4.42052
74 265 0.889567 -0.456805 0.942778 -0.333421 3.72641
74 265 0.889567 -0.456805 0.942778 -0.333421 4.42052
74 265 0.889567 -0.456805 0.942778 -0.333421 4.42052
74 265 0.889567 -0.456805 0.942778 -0.333421 4.42052
74 265 0.889567 -0.456805 0.942778 -0.333421 4.42052
74 265 0.889567 -0.456805 0.942778 -0.333421 4.42052
74 265 0.889567 -0.456805 0.942778 -0.333421 4.42052
74 265 0.889567 -0.456805 0.942778 -0.333421 4.42052
74 265 0.889567 -0.456805 0.942778 -0.333421 4.42052
74 265 0.889567 -0.456805 0.942778 -0.333421 4.42052
74 265 0.889567 -0.456805 0.942778 -0.333421 4.42052
74 265 0.889567 -0.456805 0.942778 -0.333421 4.42052
74 264 0.884659 -0.466239 0.947535 -0.319651 3.72641
74 264 0.884659 -0.466239 0.94635 -0.323144 3.72641
74 264 0.884659 -0.466239 0.94635 -0.323144 4.31992
74 264 0.884659 -0.466239 0.94635 -0.323144 3.29001
75 264 0.887217 -0.461353 0.94635 -0.323144 2.58194
75 264 0.887217 -0.461353 0.94635 -0.323144 3.29001
75 265 0.887217 -0.461353 0.94635 -0.323144 4.31992
79 263 0.887584 -0.460645 0.94635 -0.323144 3.44811
79 263 0.887584 -0.460645 0.94635 -0.323144 4.42052
80 263 0.889933 -0.456091 0.94635 -0.323144 4.42052
80 264 0.889933 -0.456091 0.94635 -0.323144 3.29001
80 264 0.889933 -0.456091 0.94635 -0.323144 4.31992
81 264 0.892213 -0.451614 0.942778 -0.333421 4.42052
81 264 0.887755 -0.460317 0.94635 -0.323144 4.42052
81 264 0.887755 -0.460317 0.947535 -0.319651 4.42052
85 262 0.888071 -0.459707 0.947535 -0.319651 4.31992
86 262 0.890248 -0.455476 0.94635 -0.323144 3.29001
86 262 0.890248 -0.455476 0.947535 -0.319651 4.31992
86 262 0.890248 -0.455476 0.947535 -0.319651 3.29001
86 262 0.890248 -0.455476 0.947535 -0.319651 4.31992
86 262 0.890248 -0.455476 0.947535 -0.319651 4.31992
86 262 0.886033 -0.463622 0.944036 -0.329844 2.42344
87 262 0.888218 -0.459423 0.944036 -0.329844 3.29001
87 262 0.888218 -0.459423 0.944036 -0.329844 2.85983
87 262 0.888218 -0.459423 0.944036 -0.329844 3.55394
87 262 0.888218 -0.459423 0.948683 -0.316228 4.42052
88 262 0.886225 -0.463254 0.947535 -0.319651 3.55394
88 263 0.890344 -0.455289 0.945253 -0.326337 4.42052
88 263 0.890344 -0.455289 0.944036 -0.329844 3.55394
88 263 0.890344 -0.455289 0.945253 -0.326337 4.42052
88 263 0.886225 -0.463254 0.948683 -0.316228 3.44811
89 263 0.888358 -0.459151 0.947535 -0.319651 3.55394
89 264 0.888358 -0.459151 0.945253 -0.326337 3.55394
89 264 0.888358 -0.459151 0.945253 -0.326337 2.42344
90 264 0.890435 -0.455111 0.945253 -0.326337 4.42052
93 263 0.888621 -0.458643 0.945253 -0.326337 3.10443
94 262 0.890605 -0.454777 0.945253 -0.326337 4.22083
94 262 0.890605 -0.454777 0.946433 -0.322901 4.42052
95 260 0.888744 -0.458405 0.949795 -0.312874 3.44811
95 259 0.888744 -0.458405 0.946433 -0.322901 3.29001
96 259 0.890685 -0.454621 0.946433 -0.322901 4.31992
96 258 0.890685 -0.454621 0.946433 -0.322901 4.12912
96 256 0.890685 -0.454621 0.946433 -0.322901 4.12912
97 254 0.888861 -0.458176 0.946433 -0.322901 3.03847
97 253 0.888861 -0.458176 0.9442 -0.329372 4.12912
98 251 0.887069 -0.461638 0.9442 -0.329372 5.12363
99 250 0.888975 -0.457957 0.9442 -0.329372 4.03296
100 248 0.887217 -0.461353 0.9442 -0.329372 4.12912
105 245 0.885832 -0.464007 0.9442 -0.329372 4.7011
106 244 0.887628 -0.460562 0.9442 -0.329372 4.7011
106 244 0.887628 -0.460562 0.940748 -0.339107 4.12912
106 244 0.887628 -0.460562 0.9442 -0.329372 4.03296
106 244 0.887628 -0.460562 0.9442 -0.329372 4.03296
106 244 0.887628 -0.460562 0.9442 -0.329372 4.03296
106 244 0.887628 -0.460562 0.9442 -0.329372 4.03296
106 244 0.887628 -0.460562 0.945373 -0.325991 4.03296
106 244 0.887628 -0.460562 0.945373 -0.325991 4.03296
106 244 0.887628 -0.460562 0.945373 -0.325991 4.03296
106 244 0.887628 -0.460562 0.9442 -0.329372 4.14804
122 236 0.888525 -0.458828 0.94299 -0.33282 4.03296
122 236 0.888525 -0.458828 0.94299 -0.33282 4.03296
122 236 0.888525 -0.458828 0.94299 -0.33282 4.03296
122 236 0.888525 -0.458828 0.94299 -0.33282 4.03296
122 236 0.888525 -0.458828 0.94299 -0.33282 5.12363
117 239 0.889817 -0.456317 0.94299 -0.33282 4.03296
116 239 0.888218 -0.459423 0.94299 -0.33282 5.12363
115 239 0.886585 -0.462566 0.94299 -0.33282 4.03296
114 240 0.888108 -0.459635 0.94299 -0.33282 4.03296
113 241 0.889654 -0.456636 0.93947 -0.34263 4.03296
111 241 0.8863 -0.463112 0.93947 -0.34263 4.03296
106 244 0.887628 -0.460562 0.938152 -0.346223 4.03296
105 244 0.889288 -0.457348 0.93947 -0.34263 4.03296
103 244 0.885663 -0.464328 0.938152 -0.346223 4.03296
102 244 0.883788 -0.467888 0.938152 -0.346223 4.31992
101 245 0.885488 -0.464662 0.936792 -0.349886 5.12363
96 247 0.886914 -0.461934 0.936792 -0.349886 4.03296
96 247 0.886914 -0.461934 0.935388 -0.353622 5.12363
95 248 0.888744 -0.458405 0.933056 -0.359732 2.34473
94 248 0.886753 -0.462244 0.936792 -0.349886 4.44261
94 248 0.886753 -0.462244 0.933939 -0.357433 4.12912
94 248 0.886753 -0.462244 0.935388 -0.353622 4.42052
94 248 0.886753 -0.462244 0.933939 -0.357433 3.44811
97 246 0.885116 -0.46537 0.935388 -0.353622 3.72641
93 248 0.884712 -0.466138 0.937749 -0.347314 3.44811
97 247 0.885116 -0.46537 0.933939 -0.357433 3.55394
93 250 0.888621 -0.458643 0.932441 -0.361321 3.55394
93 250 0.888621 -0.458643 0.937749 -0.347314 3.44811
92 250 0.886585 -0.462566 0.933939 -0.357433 3.55394
92 250 0.886585 -0.462566 0.932441 -0.361321 1.36781
92 251 0.890522 -0.454941 0.933939 -0.357433 3.44811
91 251 0.888492 -0.458892 0.933939 -0.357433 3.55394
91 251 0.888492 -0.458892 0.936329 -0.351123 3.55394
91 252 0.888492 -0.458892 0.933939 -0.357433 3.55394
91 252 0.888492 -0.458892 0.932441 -0.361321 3.55394
90 252 0.886409 -0.462903 0.937749 -0.347314 2.42344
90 252 0.886409 -0.462903 0.932441 -0.361321 3.55394
90 252 0.886409 -0.462903 0.936329 -0.351123 3.55394
90 253 0.886409 -0.462903 0.933939 -0.357433 4.8996
90 253 0.886409 -0.462903 0.936329 -0.351123 4.22083
90 254 0.886409 -0.462903 0.932441 -0.361321 3.65601
90 254 0.886409 -0.462903 0.936329 -0.351123 3.55394
90 255 0.890435 -0.455111 0.936329 -0.351123 3.55394
90 255 0.886409 -0.462903 0.934862 -0.355011 3.65601
90 256 0.886409 -0.462903 0.936329 -0.351123 4.51604
90 257 0.886409 -0.462903 0.936329 -0.351123 3.83745
90 258 0.886409 -0.462903 0.940136 -0.340799 4.42052
90 259 0.886409 -0.462903 0.938748 -0.344604 3.65601
90 260 0.886409 -0.462903 0.938748 -0.344604 3.65601
90 261 0.890435 -0.455111 0.938748 -0.344604 4.51604
90 262 0.890435 -0.455111 0.940136 -0.340799 3.35839
90 263 0.890435 -0.455111 0.940136 -0.340799 4.42052
90 263 0.890435 -0.455111 0.940136 -0.340799 2.66427
90 264 0.890435 -0.455111 0.938748 -0.344604 3.94413
90 265 0.890435 -0.455111 0.938748 -0.344604 4.51604
94 264 0.890605 -0.454777 0.938748 -0.344604 4.51604
94 265 0.890605 -0.454777 0.938748 -0.344604 3.42087
94 266 0.890605 -0.454777 0.942549 -0.334068 3.83745
94 267 0.890605 -0.454777 0.938748 -0.344604 3.94413
90 270 0.890435 -0.455111 0.942549 -0.334068 2.74228
90 272 0.890435 -0.455111 0.942549 -0.334068 3.83745
90 274 0.894427 -0.447214 0.942549 -0.334068 3.83745
90 276 0.894427 -0.447214 0.941195 -0.337865 3.42087
90 278 0.894427 -0.447214 0.942549 -0.334068 2.74228
90 279 0.894427 -0.447214 0.946261 -0.323405 2.74228
90 280 0.894427 -0.447214 0.942549 -0.334068 3.94413
90 282 0.894427 -0.447214 0.944986 -0.327111 3.42087
90 283 0.894427 -0.447214 0.946261 -0.323405 2.74228
91 284 0.896389 -0.443269 0.946261 -0.323405 4.51604
91 285 0.896389 -0.443269 0.946261 -0.323405 3.83745
95 284 0.896306 -0.443436 0.942549 -0.334068 3.83745
95 286 0.896306 -0.443436 0.942549 -0.334068 3.94413
96 287 0.898138 -0.439713 0.942549 -0.334068 4.6057
96 288 0.898138 -0.439713 0.946261 -0.323405 3.83745
96 289 0.894427 -0.447214 0.947492 -0.319779 2.74228
97 290 0.896267 -0.443514 0.947492 -0.319779 2.74228
97 292 0.896267 -0.443514 0.942549 -0.334068 3.09209
98 293 0.898063 -0.439867 0.947492 -0.319779 4.73048
98 295 0.898063 -0.439867 0.947492 -0.319779 2.74228
99 296 0.899814 -0.436274 0.946261 -0.323405 4.6057
100 298 0.89799 -0.440015 0.946261 -0.323405 4.6057
104 298 0.897854 -0.440294 0.947492 -0.319779 3.94413
105 300 0.899508 -0.436904 0.947492 -0.319779 3.94413
105 302 0.899508 -0.436904 0.951034 -0.309086 3.83745
106 304 0.901125 -0.43356 0.949879 -0.312618 4.51604
106 306 0.901125 -0.43356 0.946261 -0.323405 4.6057
106 308 0.901125 -0.43356 0.947492 -0.319779 3.94413
106 309 0.901125 -0.43356 0.951034 -0.309086 4.51604
107 310 0.902705 -0.430261 0.949879 -0.312618 3.65601
107 311 0.902705 -0.430261 0.951034 -0.309086 3.94413
107 312 0.902705 -0.430261 0.949879 -0.312618 3.75365
107 314 0.902705 -0.430261 0.951034 -0.309086 3.94413
108 314 0.904249 -0.427006 0.949879 -0.312618 4.6057
108 315 0.904249 -0.427006 0.951034 -0.309086 3.83745
109 316 0.905758 -0.423795 0.949879 -0.312618 3.42087
109 317 0.905758 -0.423795 0.951034 -0.309086 3.83745
109 318 0.905758 -0.423795 0.946261 -0.323405 1.89028
109 319 0.905758 -0.423795 0.951034 -0.309086 3.42087
110 320 0.907234 -0.420627 0.951034 -0.309086 4.6057
114 319 0.903738 -0.428086 0.951034 -0.309086 3.75365
115 320 0.905175 -0.425039 0.951034 -0.309086 3.94413
115 321 0.905175 -0.425039 0.951034 -0.309086 4.84081
116 322 0.906582 -0.42203 0.951034 -0.309086 3.75365
117 324 0.907959 -0.419058 0.951034 -0.309086 3.75365
117 325 0.907959 -0.419058 0.95448 -0.298275 3.65601
118 326 0.909308 -0.416124 0.95448 -0.298275 3.09209
118 327 0.906379 -0.422465 0.95448 -0.298275 3.65601
119 329 0.910628 -0.413226 0.951034 -0.309086 3.65601
120 330 0.909065 -0.416655 0.951034 -0.309086 3.75365
125 329 0.909867 -0.414899 0.951034 -0.309086 3.75365
126 331 0.911108 -0.412168 0.951034 -0.309086 2.56888
127 332 0.912324 -0.409468 0.95448 -0.298275 2.56888
127 333 0.909629 -0.415421 0.955524 -0.294915 4.6057
128 335 0.913517 -0.406801 0.952151 -0.305629 2.8153
128 336 0.910853 -0.41273 0.955524 -0.294915 5.03927
129 337 0.912054 -0.410071 0.95448 -0.298275 1.89028
129 338 0.912054 -0.410071 0.951034 -0.309086 3.75365
129 338 0.912054 -0.410071 0.955524 -0.294915 3.75365
130 339 0.913231 -0.407442 0.95448 -0.298275 3.65601
130 339 0.913231 -0.407442 0.95448 -0.298275 3.75365
130 340 0.913231 -0.407442 0.95448 -0.298275 3.75365
130 340 0.913231 -0.407442 0.955524 -0.294915 5.03927
130 340 0.913231 -0.407442 0.955524 -0.294915 3.65601
130 340 0.913231 -0.407442 0.955524 -0.294915 3.75365
131 341 0.914386 -0.404843 0.95448 -0.298275 3.75365
131 341 0.914386 -0.404843 0.95448 -0.298275 3.75365
131 341 0.914386 -0.404843 0.95448 -0.298275 3.75365
131 341 0.914386 -0.404843 0.95448 -0.298275 3.75365
143 348 0.912756 -0.408506 0.952282 -0.305219 3.94413
143 348 0.912756 -0.408506 0.952282 -0.305219 3.94413
143 348 0.910366 -0.413803 0.9534 -0.301709 4.25118
139 350 0.910815 -0.412815 0.952282 -0.305219 2.8153
144 348 0.911447 -0.411417 0.955779 -0.294086 5.17464
140 350 0.911922 -0.410365 0.955779 -0.294086 3.94413
145 349 0.912509 -0.409056 0.952282 -0.305219 3.94413
145 349 0.912509 -0.409056 0.952282 -0.305219 3.94413
145 349 0.912509 -0.409056 0.952282 -0.305219 4.04581
145 349 0.910151 -0.414276 0.955779 -0.294086 3.94413
146 349 0.911219 -0.411921 0.955779 -0.294086 3.94413
146 350 0.913553 -0.406719 0.952282 -0.305219 3.94413
146 350 0.913553 -0.406719 0.952282 -0.305219 3.94413
146 350 0.913553 -0.406719 0.952282 -0.305219 3.94413
146 350 0.911219 -0.411921 0.952282 -0.305219 3.75365
147 350 0.91227 -0.40959 0.955779 -0.294086 3.94413
148 350 0.913302 -0.407283 0.955779 -0.294086 3.94413
148 350 0.913302 -0.407283 0.955779 -0.294086 3.94413
150 350 0.913057 -0.407832 0.9547 -0.297569 4.50308
150 350 0.913057 -0.407832 0.951125 -0.308807 4.04581
155 348 0.913568 -0.406685 0.952282 -0.305219 4.04581
156 348 0.914535 -0.404506 0.952282 -0.305219 3.94413
156 347 0.912359 -0.409392 0.955779 -0.294086 3.69222
157 348 0.913331 -0.407218 0.9547 -0.297569 4.04581
158 348 0.914288 -0.405064 0.9547 -0.297569 3.94413
158 348 0.914288 -0.405064 0.952282 -0.305219 4.04581
159 347 0.914288 -0.405064 0.955779 -0.294086 3.94413
160 347 0.914288 -0.405064 0.9547 -0.297569 2.12497
161 346 0.914288 -0.405064 0.9547 -0.297569 4.04581
162 346 0.914288 -0.405064 0.9547 -0.297569 3.94413
163 345 0.914288 -0.405064 0.9547 -0.297569 4.04581
164 344 0.913331 -0.407218 0.9547 -0.297569 4.04581
165 344 0.913331 -0.407218 0.9547 -0.297569 3.94413
166 344 0.913331 -0.407218 0.9547 -0.297569 4.04581
167 344 0.913331 -0.407218 0.9547 -0.297569 4.6057
168 343 0.913331 -0.407218 0.9547 -0.297569 2.8153
169 343 0.913331 -0.407218 0.9547 -0.297569 4.04581
169 342 0.912359 -0.409392 0.9547 -0.297569 4.04581
170 342 0.913331 -0.407218 0.953583 -0.301131 3.37426
170 342 0.913331 -0.407218 0.9547 -0.297569 4.04581
170 342 0.913331 -0.407218 0.9547 -0.297569 4.04581
171 342 0.913331 -0.407218 0.9547 -0.297569 3.0774
171 341 0.912359 -0.409392 0.9547 -0.297569 4.25118
171 341 0.912359 -0.409392 0.9547 -0.297569 4.04581
171 341 0.912359 -0.409392 0.9547 -0.297569 4.04581
172 341 0.913331 -0.407218 0.9547 -0.297569 4.25118
172 341 0.913331 -0.407218 0.9547 -0.297569 3.00187
172 340 0.912359 -0.409392 0.9547 -0.297569 4.04581
172 340 0.912359 -0.409392 0.9547 -0.297569 4.04581
173 340 0.913331 -0.407218 0.9547 -0.297569 4.25118
173 340 0.912359 -0.409392 0.9547 -0.297569 3.94413
174 340 0.913331 -0.407218 0.9547 -0.297569 4.25118
174 339 0.912359 -0.409392 0.9547 -0.297569 4.04581
175 339 0.912359 -0.409392 0.9547 -0.297569 4.25118
175 338 0.912359 -0.409392 0.9547 -0.297569 4.04581
176 338 0.912359 -0.409392 0.958168 -0.286206 4.25118
176 338 0.912359 -0.409392 0.9547 -0.297569 4.04581
176 337 0.912359 -0.409392 0.9547 -0.297569 4.04581
177 337 0.912359 -0.409392 0.958168 -0.286206 4.25118
177 337 0.912359 -0.409392 0.9547 -0.297569 4.04581
178 336 0.912359 -0.409392 0.9547 -0.297569 4.04581
179 335 0.912359 -0.409392 0.953583 -0.301131 3.37426
180 334 0.912359 -0.409392 0.953583 -0.301131 4.04581
181 333 0.912359 -0.409392 0.953583 -0.301131 4.04581
182 332 0.912359 -0.409392 0.958168 -0.286206 4.04581
183 331 0.912359 -0.409392 0.9547 -0.297569 4.1416
185 329 0.912359 -0.409392 0.953583 -0.301131 3.74894
186 328 0.912359 -0.409392 0.953583 -0.301131 4.04581
187 326 0.911371 -0.411587 0.953583 -0.301131 4.1416
188 325 0.911371 -0.411587 0.953583 -0.301131 4.1416
189 324 0.911371 -0.411587 0.95713 -0.289658 4.04581
190 323 0.911371 -0.411587 0.953583 -0.301131 5.00797
190 322 0.910367 -0.413803 0.953583 -0.301131 4.1416
190 321 0.910367 -0.413803 0.953583 -0.301131 2.88257
190 321 0.910367 -0.413803 0.953583 -0.301131 2.2924
190 321 0.911371 -0.411587 0.953583 -0.301131 3.49054
190 321 0.911371 -0.411587 0.953583 -0.301131 4.1416
190 321 0.911371 -0.411587 0.953583 -0.301131 4.1416
190 321 0.911371 -0.411587 0.953583 -0.301131 4.1416
190 321 0.911371 -0.411587 0.953583 -0.301131 4.1416
190 321 0.911371 -0.411587 0.953583 -0.301131 4.1416
190 321 0.911371 -0.411587 0.953583 -0.301131 4.1416
190 321 0.911371 -0.411587 0.953583 -0.301131 4.1416
190 321 0.911371 -0.411587 0.953583 -0.301131 4.1416
190 321 0.911371 -0.411587 0.953583 -0.301131 4.1416
190 321 0.911371 -0.411587 0.953583 -0.301131 4.1416
190 321 0.911371 -0.411587 0.953583 -0.301131 4.1416
190 321 0.911371 -0.411587 0.953583 -0.301131 4.1416
190 321 0.911371 -0.411587 0.953583 -0.301131 4.1416
190 321 0.911371 -0.411587 0.953583 -0.301131 4.1416
190 321 0.911371 -0.411587 0.953583 -0.301131 4.1416
190 321 0.911371 -0.411587 0.953583 -0.301131 4.1416
190 321 0.911371 -0.411587 0.953583 -0.301131 4.1416
190 321 0.911371 -0.411587 0.953583 -0.301131 4.1416
190 321 0.911371 -0.411587 0.953583 -0.301131 4.1416
189 321 0.911371 -0.411587 0.953583 -0.301131 3.31024
189 321 0.910167 -0.414242 0.953583 -0.301131 4.1416
188 321 0.911371 -0.411587 0.95713 -0.289658 2.88257
187 322 0.912359 -0.409392 0.953583 -0.301131 3.49054
186 322 0.910167 -0.414242 0.953583 -0.301131 4.1416
184 323 0.912359 -0.409392 0.9547 -0.297569 4.1416
183 323 0.910167 -0.414242 0.9547 -0.297569 4.1416
181 323 0.910167 -0.414242 0.9547 -0.297569 4.2308
179 324 0.910167 -0.414242 0.9547 -0.297569 3.31024
177 324 0.910167 -0.414242 0.9547 -0.297569 4.1416
175 324 0.907959 -0.419058 0.9547 -0.297569 3.31024
173 325 0.91116 -0.412053 0.951125 -0.308807 3.93301
170 325 0.907959 -0.419058 0.955779 -0.294086 5.30483
167 325 0.907959 -0.419058 0.955779 -0.294086 2.69419
164 326 0.908973 -0.416854 0.952282 -0.305219 3.93301
160 327 0.908973 -0.416854 0.952282 -0.305219 3.93301
157 327 0.908973 -0.416854 0.952282 -0.305219 3.93301
154 326 0.908132 -0.418684 0.952282 -0.305219 2.69419
148 328 0.906339 -0.42255 0.952282 -0.305219 2.69419
146 328 0.908868 -0.417083 0.952282 -0.305219 3.84625
143 327 0.907959 -0.419058 0.949879 -0.312618 2.69419
134 327 0.904972 -0.425472 0.952282 -0.305219 3.03651
127 328 0.904172 -0.427168 0.948683 -0.316228 3.93301
127 328 0.904172 -0.427168 0.948683 -0.316228 3.93301
127 328 0.904172 -0.427168 0.948683 -0.316228 3.93301
126 328 0.905631 -0.424066 0.952282 -0.305219 3.84625
125 328 0.904326 -0.426842 0.948683 -0.316228 3.93301
124 328 0.90581 -0.423685 0.949879 -0.312618 4.14162
122 327 0.903134 -0.429359 0.949879 -0.312618 3.84625
118 329 0.906379 -0.422465 0.948683 -0.316228 3.84625
117 328 0.904994 -0.425424 0.949879 -0.312618 2.69419
116 327 0.903579 -0.428421 0.949879 -0.312618 3.84625
115 326 0.902134 -0.431455 0.949879 -0.312618 3.84625
115 325 0.905175 -0.425039 0.949879 -0.312618 4.04581
114 323 0.900658 -0.434528 0.948683 -0.316228 3.84625
113 322 0.902269 -0.431173 0.946261 -0.323405 2.31362
113 320 0.902269 -0.431173 0.948683 -0.316228 3.84625
111 317 0.899235 -0.437466 0.949879 -0.312618 3.84625
111 315 0.899235 -0.437466 0.948683 -0.316228 3.84625
106 315 0.897789 -0.440425 0.948683 -0.316228 3.84625
105 313 0.896128 -0.443797 0.948683 -0.316228 3.84625
105 312 0.899508 -0.436904 0.944986 -0.327111 3.84625
104 310 0.897854 -0.440294 0.948683 -0.316228 4.68877
104 308 0.897854 -0.440294 0.947446 -0.319917 3.84625
103 306 0.896161 -0.44373 0.944986 -0.327111 3.52556
102 304 0.894427 -0.447214 0.944986 -0.327111 4.1416
102 302 0.894427 -0.447214 0.943667 -0.330896 2.69419
101 300 0.892653 -0.450745 0.947446 -0.319917 3.52556
100 299 0.894427 -0.447214 0.943667 -0.330896 2.88257
96 299 0.894427 -0.447214 0.943667 -0.330896 4.1416
96 297 0.894427 -0.447214 0.947446 -0.319917 4.04581
95 295 0.89254 -0.450968 0.943667 -0.330896 4.04581
95 293 0.89254 -0.450968 0.943667 -0.330896 4.1416
94 291 0.890605 -0.454777 0.947446 -0.319917 4.04581
94 290 0.890605 -0.454777 0.942302 -0.334765 4.1416
94 288 0.890605 -0.454777 0.946164 -0.323688 2.88257
93 287 0.8925 -0.451048 0.943667 -0.330896 3.52556
93 285 0.8925 -0.451048 0.942302 -0.334765 4.1416
93 283 0.888621 -0.458643 0.942302 -0.334765 4.1416
93 281 0.888621 -0.458643 0.944836 -0.327543 4.1416
92 280 0.890522 -0.454941 0.942302 -0.334765 4.1416
92 278 0.886585 -0.462566 0.944836 -0.327543 2.88257
92 277 0.890522 -0.454941 0.942302 -0.334765 4.1416
92 275 0.886585 -0.462566 0.946164 -0.323688 3.74894
92 274 0.890522 -0.454941 0.940887 -0.338719 2.94344
92 272 0.886585 -0.462566 0.940887 -0.338719 2.94344
92 270 0.886585 -0.462566 0.940887 -0.338719 2.94344
92 268 0.886585 -0.462566 0.940887 -0.338719 2.94344
92 266 0.886585 -0.462566 0.940887 -0.338719 2.94344
92 264 0.886585 -0.462566 0.944836 -0.327543 4.1416
92 262 0.886585 -0.462566 0.940887 -0.338719 2.94344
92 260 0.886585 -0.462566 0.942302 -0.334765 3.79739
92 257 0.882618 -0.47009 0.940887 -0.338719 2.94344
92 256 0.882618 -0.47009 0.940887 -0.338719 2.94344
96 252 0.883116 -0.469155 0.940887 -0.338719 4.2308
96 251 0.883116 -0.469155 0.940887 -0.338719 3.14635
96 249 0.883116 -0.469155 0.940887 -0.338719 3.14635
96 247 0.879292 -0.476283 0.940887 -0.338719 3.14635
96 246 0.883116 -0.469155 0.939422 -0.342762 4.1416
96 244 0.879292 -0.476283 0.940887 -0.338719 2.94344
96 243 0.879292 -0.476283 0.940887 -0.338719 4.35692
96 241 0.879292 -0.476283 0.939422 -0.342762 4.2308
96 240 0.879292 -0.476283 0.939422 -0.342762 3.79739
95 239 0.877189 -0.480145 0.940887 -0.338719 3.14635
95 238 0.877189 -0.480145 0.940887 -0.338719 3.14635
95 237 0.877189 -0.480145 0.940887 -0.338719 3.14635
95 237 0.877189 -0.480145 0.940887 -0.338719 4.45596
96 236 0.879292 -0.476283 0.935286 -0.353892 4.45596
96 235 0.879292 -0.476283 0.939422 -0.342762 4.35692
96 235 0.879292 -0.476283 0.939422 -0.342762 3.79743
96 234 0.879292 -0.476283 0.939422 -0.342762 3.14635
96 234 0.879292 -0.476283 0.939422 -0.342762 4.45596
96 234 0.879292 -0.476283 0.939422 -0.342762 3.14635
96 233 0.879292 -0.476283 0.937904 -0.346896 3.79739
96 233 0.879292 -0.476283 0.937904 -0.346896 4.45596
96 233 0.879292 -0.476283 0.937904 -0.346896 3.14635
95 232 0.877189 -0.480145 0.939422 -0.342762 3.14635
96 232 0.879292 -0.476283 0.937904 -0.346896 4.45596
96 232 0.879292 -0.476283 0.937904 -0.346896 4.45596
96 232 0.879292 -0.476283 0.937904 -0.346896 4.45596
96 232 0.879292 -0.476283 0.937904 -0.346896 4.45596
96 232 0.879292 -0.476283 0.937904 -0.346896 4.45596
96 232 0.879292 -0.476283 0.937904 -0.346896 4.45596
96 232 0.879292 -0.476283 0.937904 -0.346896 4.45596
96 232 0.879292 -0.476283 0.937904 -0.346896 4.45596
96 232 0.879292 -0.476283 0.937904 -0.346896 4.45596
96 232 0.879292 -0.476283 0.937904 -0.346896 4.45596
96 232 0.879292 -0.476283 0.937904 -0.346896 4.45596
96 232 0.879292 -0.476283 0.937904 -0.346896 4.45596
96 232 0.879292 -0.476283 0.937904 -0.346896 4.45596
96 232 0.879292 -0.476283 0.937904 -0.346896 4.45596
96 232 0.879292 -0.476283 0.937904 -0.346896 3.20796
96 232 0.879292 -0.476283 0.937904 -0.346896 1.89833
96 232 0.879292 -0.476283 0.933675 -0.358122 2.54941
96 232 0.879292 -0.476283 0.937904 -0.346896 3.79739
96 232 0.879292 -0.476283 0.937904 -0.346896 4.1416
96 233 0.879292 -0.476283 0.939422 -0.342762 3.79739
95 233 0.877189 -0.480145 0.940887 -0.338719 5.00797
95 233 0.877189 -0.480145 0.940887 -0.338719 5.00797
95 233 0.877189 -0.480145 0.940887 -0.338719 3.14635
96 233 0.879292 -0.476283 0.939422 -0.342762 3.14635
96 233 0.879292 -0.476283 0.939422 -0.342762 4.45596
96 234 0.879292 -0.476283 0.939422 -0.342762 4.1416
96 235 0.879292 -0.476283 0.940887 -0.338719 4.35692
96 236 0.879292 -0.476283 0.935286 -0.353892 4.2308
96 236 0.875445 -0.483318 0.940887 -0.338719 3.79739
97 237 0.87755 -0.479486 0.939422 -0.342762 2.94344
97 238 0.881345 -0.472474 0.940887 -0.338719 4.35692
97 239 0.881345 -0.472474 0.940887 -0.338719 5.00797
97 239 0.87755 -0.479486 0.939422 -0.342762 2.94344
97 240 0.881345 -0.472474 0.940887 -0.338719 4.35692
97 241 0.881345 -0.472474 0.936842 -0.349754 4.45596
97 241 0.87755 -0.479486 0.940887 -0.338719 2.94344
97 242 0.881345 -0.472474 0.940887 -0.338719 4.1416
97 243 0.881345 -0.472474 0.940887 -0.338719 4.1416
97 244 0.881345 -0.472474 0.940887 -0.338719 4.1416
97 245 0.881345 -0.472474 0.940887 -0.338719 4.1416
97 246 0.881345 -0.472474 0.940887 -0.338719 2.94344
97 247 0.881345 -0.472474 0.940887 -0.338719 3.93301
97 248 0.881345 -0.472474 0.942302 -0.334765 4.1416
97 249 0.881345 -0.472474 0.942302 -0.334765 4.1416
97 250 0.881345 -0.472474 0.942302 -0.334765 2.94344
98 251 0.883349 -0.468716 0.940887 -0.338719 4.1416
98 252 0.883349 -0.468716 0.942302 -0.334765 2.88257
98 252 0.883349 -0.468716 0.942302 -0.334765 2.88257
98 253 0.883349 -0.468716 0.942302 -0.334765 3.79739
98 254 0.883349 -0.468716 0.942302 -0.334765 4.1416
99 254 0.885306 -0.465009 0.940887 -0.338719 3.93301
99 254 0.885306 -0.465009 0.942302 -0.334765 4.1416
99 254 0.881612 -0.471974 0.942302 -0.334765 2.88257
100 254 0.883573 -0.468294 0.942302 -0.334765 4.45596
104 252 0.883995 -0.467497 0.942302 -0.334765 4.1416
105 252 0.885832 -0.464007 0.942302 -0.334765 4.1416
123 246 0.884137 -0.467227 0.944497 -0.328521 3.97264
124 245 0.882747 -0.469849 0.944497 -0.328521 3.97264
125 245 0.884304 -0.466912 0.944497 -0.328521 4.34469
126 246 0.885832 -0.464007 0.94299 -0.33282 3.6544
131 244 0.887549 -0.460713 0.94299 -0.33282 3.6544
94 248 0.886753 -0.462244 0.944674 -0.328012 4.68881
95 248 0.884918 -0.465746 0.944674 -0.328012 3.42698
95 249 0.884918 -0.465746 0.943235 -0.332125 3.42698
95 250 0.884918 -0.465746 0.940554 -0.339644 4.79091
99 250 0.888975 -0.457957 0.944674 -0.328012 3.99853
100 252 0.890835 -0.454326 0.939019 -0.343866 4.79091
100 253 0.887217 -0.461353 0.944674 -0.328012 3.20796
100 255 0.887217 -0.461353 0.944674 -0.328012 3.79743
101 257 0.889083 -0.457746 0.944674 -0.328012 4.68881
101 259 0.889083 -0.457746 0.940554 -0.339644 4.79091
101 260 0.885488 -0.464662 0.946059 -0.323993 3.42698
102 262 0.890906 -0.454187 0.944674 -0.328012 3.20796
102 264 0.890906 -0.454187 0.946059 -0.323993 4.45596
103 266 0.892687 -0.450677 0.942034 -0.335519 4.79091
103 267 0.889187 -0.457543 0.946059 -0.323993 3.20796
103 269 0.889187 -0.457543 0.946059 -0.323993 3.20796
103 271 0.889187 -0.457543 0.947395 -0.320066 3.20796
104 273 0.890974 -0.454054 0.946059 -0.323993 3.20796
104 275 0.894427 -0.447214 0.946059 -0.323993 4.2308
100 279 0.894427 -0.447214 0.947395 -0.320066 4.45596
103 279 0.896161 -0.44373 0.948683 -0.316228 5.08473
99 282 0.892617 -0.450816 0.94346 -0.331486 2.99716
99 283 0.892617 -0.450816 0.947395 -0.320066 3.602
99 285 0.892617 -0.450816 0.948683 -0.316228 3.602
99 287 0.89623 -0.443589 0.944836 -0.327543 3.20796
99 288 0.89623 -0.443589 0.948683 -0.316228 3.602
99 290 0.89623 -0.443589 0.948683 -0.316228 2.94344
99 291 0.89623 -0.443589 0.944836 -0.327543 3.20796
99 293 0.89623 -0.443589 0.948683 -0.316228 4.2308
99 294 0.89623 -0.443589 0.948683 -0.316228 2.94344
99 296 0.89623 -0.443589 0.944836 -0.327543 4.2308
99 297 0.89623 -0.443589 0.949926 -0.312476 3.14635
99 298 0.89623 -0.443589 0.949926 -0.312476 4.2308
99 300 0.89623 -0.443589 0.946164 -0.323688 4.2308
99 301 0.89623 -0.443589 0.949926 -0.312476 2.94344
99 303 0.899814 -0.436274 0.944836 -0.327543 4.2308
99 304 0.89623 -0.443589 0.949926 -0.312476 4.1416
99 306 0.899814 -0.436274 0.946164 -0.323688 4.2308
99 307 0.89623 -0.443589 0.949926 -0.312476 2.94344
99 309 0.899814 -0.436274 0.949926 -0.312476 3.93301
99 311 0.899814 -0.436274 0.947446 -0.319917 2.94344
96 314 0.901816 -0.43212 0.949926 -0.312476 3.31024
100 314 0.901523 -0.432731 0.951125 -0.308807 4.76437
100 316 0.905024 -0.425361 0.947446 -0.319917 4.59757
100 317 0.901523 -0.432731 0.949926 -0.312476 3.93301
100 319 0.905024 -0.425361 0.946164 -0.323688 2.74775
100 320 0.905024 -0.425361 0.947446 -0.319917 4.2308
100 321 0.901523 -0.432731 0.951125 -0.308807 3.93301
100 322 0.901523 -0.432731 0.951125 -0.308807 3.93301
101 324 0.906641 -0.421902 0.947446 -0.319917 3.31024
101 325 0.906641 -0.421902 0.947446 -0.319917 3.93301
101 326 0.903191 -0.429239 0.951125 -0.308807 3.93301
98 329 0.905237 -0.424907 0.947446 -0.319917 3.93301
98 331 0.905237 -0.424907 0.951125 -0.308807 3.93301
102 331 0.90822 -0.418493 0.951125 -0.308807 2.69419
102 333 0.90822 -0.418493 0.951125 -0.308807 3.93301
102 335 0.90822 -0.418493 0.948683 -0.316228 3.93301
103 336 0.906408 -0.422404 0.951125 -0.308807 3.93301
103 338 0.909761 -0.415133 0.951125 -0.308807 2.74775
103 340 0.909761 -0.415133 0.952282 -0.305219 3.31024
103 341 0.909761 -0.415133 0.952282 -0.305219 2.69419
103 343 0.909761 -0.415133 0.955779 -0.294086 3.84625
113 348 0.911468 -0.411371 0.949926 -0.312476 4.1416
113 349 0.908429 -0.418038 0.953583 -0.301131 4.1416
113 351 0.911468 -0.411371 0.951125 -0.308807 4.1416
113 352 0.908429 -0.418038 0.953583 -0.301131 4.1416
114 354 0.912818 -0.408366 0.953583 -0.301131 4.1416
115 362 0.914139 -0.405401 0.953583 -0.301131 4.1416
115 362 0.914139 -0.405401 0.953583 -0.301131 4.1416
115 362 0.914139 -0.405401 0.953583 -0.301131 4.1416
115 362 0.914139 -0.405401 0.953583 -0.301131 4.1416
115 362 0.914139 -0.405401 0.953583 -0.301131 4.1416
115 363 0.914139 -0.405401 0.953583 -0.301131 3.84625
115 364 0.914139 -0.405401 0.9547 -0.297569 4.35692
115 365 0.914139 -0.405401 0.9547 -0.297569 4.1416
120 371 0.911922 -0.410365 0.953583 -0.301131 4.1416
120 372 0.911922 -0.410365 0.953583 -0.301131 4.65378
120 373 0.911922 -0.410365 0.95713 -0.289658 4.04581
120 374 0.911922 -0.410365 0.95713 -0.289658 4.04581
121 376 0.915983 -0.401216 0.953583 -0.301131 4.25118
121 376 0.913188 -0.407538 0.95713 -0.289658 4.04581
121 377 0.913188 -0.407538 0.958168 -0.286206 4.25118
121 378 0.913188 -0.407538 0.95713 -0.289658 3.37426
121 379 0.913188 -0.407538 0.95713 -0.289658 3.37426
122 380 0.914429 -0.404747 0.95713 -0.289658 4.25118
122 381 0.914429 -0.404747 0.95713 -0.289658 3.37426
122 382 0.914429 -0.404747 0.958168 -0.286206 4.25118
122 383 0.914429 -0.404747 0.95713 -0.289658 4.50308
122 384 0.914429 -0.404747 0.95713 -0.289658 5.17464
122 385 0.914429 -0.404747 0.9547 -0.297569 4.25118
122 386 0.91719 -0.398451 0.9547 -0.297569 4.25118
122 387 0.91719 -0.398451 0.9547 -0.297569 4.25118
123 388 0.918371 -0.395721 0.953583 -0.301131 4.04581
123 389 0.918371 -0.395721 0.9547 -0.297569 4.1396
123 389 0.915644 -0.40199 0.958168 -0.286206 4.1396
123 390 0.915644 -0.40199 0.958168 -0.286206 4.1396
123 391 0.915644 -0.40199 0.958168 -0.286206 5.17464
123 392 0.918371 -0.395721 0.955779 -0.294086 3.69222
124 392 0.916835 -0.399267 0.958168 -0.286206 4.1396
124 392 0.916835 -0.399267 0.958168 -0.286206 4.1396
118 404 0.906379 -0.422465 0.946433 -0.322901 3.68037
118 404 0.906379 -0.422465 0.946433 -0.322901 4.11447
118 404 0.906379 -0.422465 0.946433 -0.322901 4.11447
118 404 0.906379 -0.422465 0.946433 -0.322901 3.68037
119 404 0.907736 -0.419542 0.945253 -0.326337 3.68037
123 402 0.907311 -0.420461 0.946433 -0.322901 3.03666
124 402 0.908602 -0.417664 0.945253 -0.326337 3.68037
124 401 0.90581 -0.423685 0.945253 -0.326337 4.74526
124 401 0.90581 -0.423685 0.946433 -0.322901 3.94273
125 401 0.907108 -0.420898 0.945253 -0.326337 3.03666
125 401 0.907108 -0.420898 0.945253 -0.326337 3.68037
125 401 0.907108 -0.420898 0.945253 -0.326337 3.99377
125 401 0.907108 -0.420898 0.945253 -0.326337 4.11447
125 401 0.907108 -0.420898 0.946433 -0.322901 3.03666
126 401 0.908381 -0.418144 0.945253 -0.326337 3.03666
126 401 0.908381 -0.418144 0.945253 -0.326337 3.68037
126 400 0.905631 -0.424066 0.949795 -0.312874 3.85473
127 400 0.906912 -0.421321 0.945253 -0.326337 4.11447
127 400 0.906912 -0.421321 0.945253 -0.326337 4.11447
127 400 0.906912 -0.421321 0.945253 -0.326337 4.11447
127 400 0.906912 -0.421321 0.945253 -0.326337 4.11447
127 400 0.906912 -0.421321 0.946433 -0.322901 3.68037
127 400 0.906912 -0.421321 0.946433 -0.322901 3.03666
127 400 0.906912 -0.421321 0.946433 -0.322901 3.68037
127 400 0.906912 -0.421321 0.945253 -0.326337 3.68037
127 400 0.906912 -0.421321 0.946433 -0.322901 4.49848
127 400 0.906912 -0.421321 0.946433 -0.322901 4.49848
127 400 0.906912 -0.421321 0.946433 -0.322901 4.49848
127 400 0.906912 -0.421321 0.946433 -0.322901 4.49848
127 400 0.906912 -0.421321 0.949795 -0.312874 4.93252
127 399 0.906912 -0.421321 0.946433 -0.322901 4.11447
127 399 0.906912 -0.421321 0.945253 -0.326337 4.11447
127 399 0.906912 -0.421321 0.945253 -0.326337 3.03666
127 399 0.906912 -0.421321 0.945253 -0.326337 3.03666
127 399 0.906912 -0.421321 0.946433 -0.322901 4.49848
127 399 0.906912 -0.421321 0.946433 -0.322901 3.85473
127 399 0.906912 -0.421321 0.946433 -0.322901 3.94273
127 399 0.906912 -0.421321 0.946433 -0.322901 4.11447
127 399 0.906912 -0.421321 0.946433 -0.322901 4.11447
127 399 0.906912 -0.421321 0.946433 -0.322901 3.03666
127 399 0.906912 -0.421321 0.946433 -0.322901 3.03666
127 399 0.906912 -0.421321 0.946433 -0.322901 3.03666
127 399 0.906912 -0.421321 0.946433 -0.322901 3.03666
127 399 0.906912 -0.421321 0.946433 -0.322901 3.03666
127 399 0.906912 -0.421321 0.946433 -0.322901 3.03666
127 399 0.906912 -0.421321 0.946433 -0.322901 3.03666
127 398 0.906912 -0.421321 0.946433 -0.322901 3.03666
127 398 0.906912 -0.421321 0.946433 -0.322901 3.99377
127 398 0.906912 -0.421321 0.946433 -0.322901 3.99377
127 398 0.906912 -0.421321 0.946433 -0.322901 4.11447
127 398 0.906912 -0.421321 0.946433 -0.322901 4.11447
128 398 0.908167 -0.418608 0.945253 -0.326337 3.68037
128 398 0.908167 -0.418608 0.946433 -0.322901 3.85473
128 398 0.908167 -0.418608 0.946433 -0.322901 3.85473
128 397 0.905459 -0.424434 0.946433 -0.322901 3.13007
128 397 0.905459 -0.424434 0.946433 -0.322901 4.11447
128 397 0.905459 -0.424434 0.946433 -0.322901 4.11447
128 397 0.905459 -0.424434 0.946433 -0.322901 4.11447
128 397 0.905459 -0.424434 0.946433 -0.322901 4.11447
128 397 0.905459 -0.424434 0.946433 -0.322901 4.11447
106 406 0.907709 -0.419601 0.944497 -0.328521 3.44448
106 406 0.907709 -0.419601 0.944497 -0.328521 3.44448
106 406 0.907709 -0.419601 0.944497 -0.328521 3.44448
106 405 0.904432 -0.426619 0.947648 -0.319316 3.44448
106 405 0.904432 -0.426619 0.947648 -0.319316 3.44448
107 405 0.905967 -0.423349 0.946582 -0.322462 3.94163
107 405 0.905967 -0.423349 0.944497 -0.328521 4.78402
107 404 0.905967 -0.423349 0.947648 -0.319316 3.44448
107 404 0.905967 -0.423349 0.947648 -0.319316 3.94163
107 404 0.905967 -0.423349 0.943372 -0.331735 4.03366
107 403 0.905967 -0.423349 0.947648 -0.319316 3.19808
107 403 0.905967 -0.423349 0.947648 -0.319316 3.04789
108 403 0.907467 -0.420124 0.944497 -0.328521 2.44772
108 402 0.907467 -0.420124 0.943372 -0.331735 4.03366
108 401 0.904249 -0.427006 0.944497 -0.328521 4.03366
109 400 0.905758 -0.423795 0.944497 -0.328521 4.03366
109 400 0.905758 -0.423795 0.943372 -0.331735 4.03366
109 399 0.905758 -0.423795 0.944497 -0.328521 4.03366
114 396 0.903738 -0.428086 0.944497 -0.328521 3.44448
115 396 0.905175 -0.425039 0.943372 -0.331735 4.03366
115 396 0.905175 -0.425039 0.944497 -0.328521 3.44448
115 396 0.905175 -0.425039 0.941278 -0.337632 4.03366
115 395 0.905175 -0.425039 0.943372 -0.331735 3.30667
115 395 0.905175 -0.425039 0.943372 -0.331735 3.30667
115 395 0.905175 -0.425039 0.940095 -0.340913 1.80591
