573 346 -0.999906 -0.0136973 -0.998783 -0.0493226 0.886398
573 346 -0.999906 -0.0136973 -0.998783 -0.0493226 0.886398
573 346 -0.999906 -0.0136973 -0.998783 -0.0493226 0.886398
573 346 -0.999906 -0.0136973 -0.998783 -0.0493226 0.886398
573 346 -0.999906 -0.0136973 -0.998783 -0.0493226 0.886398
573 346 -0.999906 -0.0136973 -0.998783 -0.0493226 0.886398
573 346 -0.999906 -0.0136973 -0.998783 -0.0493226 0.886398
573 346 -0.999906 -0.0136973 -0.998783 -0.0493226 0.886398
573 346 -0.999906 -0.0136973 -0.998783 -0.0493226 0.886398
573 346 -0.999906 -0.0136973 -0.998783 -0.0493226 0.886398
573 346 -0.999906 -0.0136973 -0.998783 -0.0493226 0.886398
573 346 -0.999906 -0.0136973 -0.998783 -0.0493226 0.886398
573 346 -0.999906 -0.0136973 -0.998783 -0.0493226 0.886398
573 346 -0.999906 -0.0136973 -0.998783 -0.0493226 0.886398
573 346 -0.999906 -0.0136973 -0.998783 -0.0493226 0.886398
573 346 -0.999906 -0.0136973 -0.998783 -0.0493226 0.886398
573 346 -0.999906 -0.0136973 -0.998783 -0.0493226 0.886398
573 346 -0.999906 -0.0136973 -0.998783 -0.0493226 0.886398
573 346 -0.999906 -0.0136973 -0.998783 -0.0493226 0.886398
573 346 -0.999906 -0.0136973 -0.998783 -0.0493226 0.886398
573 346 -0.999906 -0.0136973 -0.998783 -0.0493226 0.886398
573 346 -0.999906 -0.0136973 -0.998783 -0.0493226 0.886398
573 346 -0.999906 -0.0136973 -0.998783 -0.0493226 0.886398
573 346 -0.999906 -0.0136973 -0.998783 -0.0493226 0.886398
573 346 -0.999906 -0.0136973 -0.998783 -0.0493226 0.886398
573 346 -0.999906 -0.0136973 -0.998783 -0.0493226 0.886398
573 346 -0.999906 -0.0136973 -0.998783 -0.0493226 0.886398
573 346 -0.999906 -0.0136973 -0.998783 -0.0493226 0.886398
573 346 -0.999906 -0.0136973 -0.998783 -0.0493226 0.886398
573 346 -0.999906 -0.0136973 -0.998783 -0.0493226 0.886398
573 346 -0.999906 -0.0136973 -0.998783 -0.0493226 0.886398
573 346 -0.999906 -0.0136973 -0.998783 -0.0493226 0.886398
573 346 -0.999906 -0.0136973 -0.998783 -0.0493226 0.886398
573 346 -0.999906 -0.0136973 -0.998783 -0.0493226 0.886398
573 346 -0.999906 -0.0136973 -0.998783 -0.0493226 0.886398
573 346 -0.999906 -0.0136973 -0.998783 -0.0493226 0.886398
573 346 -0.999906 -0.0136973 -0.998783 -0.0493226 0.886398
573 346 -0.999906 -0.0136973 -0.998783 -0.0493226 0.886398
573 346 -0.999906 -0.0136973 -0.998783 -0.0493226 0.886398
573 346 -0.999906 -0.0136973 -0.998783 -0.0493226 0.886398
573 346 -0.999906 -0.0136973 -0.998783 -0.0493226 0.886398
573 346 -0.999906 -0.0136973 -0.998783 -0.0493226 0.886398
573 346 -0.999906 -0.0136973 -0.998783 -0.0493226 0.886398
573 346 -0.999906 -0.0136973 -0.998783 -0.0493226 0.886398
573 346 -0.999906 -0.0136973 -0.998783 -0.0493226 0.886398
573 346 -0.999906 -0.0136973 -0.998783 -0.0493226 0.886398
573 346 -0.999906 -0.0136973 -0.998783 -0.0493226 0.886398
573 346 -0.999906 -0.0136973 -0.998783 -0.0493226 0.886398
573 346 -0.999906 -0.0136973 -0.998783 -0.0493226 0.886398
573 346 -0.999906 -0.0136973 -0.998783 -0.0493226 0.886398
573 346 -0.999906 -0.0136973 -0.998783 -0.0493226 0.886398
573 346 -0.999906 -0.0136973 -0.998783 -0.0493226 0.886398
573 346 -0.999906 -0.0136973 -0.998783 -0.0493226 0.886398
573 345 -0.999906 -0.0136973 -0.999298 -0.0374737 0
573 344 -0.999906 -0.0136973 -0.998783 -0.0493226 1.01998
573 344 -0.999906 -0.0136973 -0.998783 -0.0493226 0
573 344 -0.999906 -0.0136973 -0.998783 -0.0493226 0
573 344 -0.999906 -0.0136973 -0.9981 -0.0616111 0
573 344 -0.999906 -0.0136973 -0.9981 -0.0616111 0
573 344 -0.999906 -0.0136973 -0.9981 -0.0616111 0.881534
573 344 -0.999906 -0.0136973 -0.9981 -0.0616111 0.881534
573 344 -0.999906 -0.0136973 -0.9981 -0.0616111 0.881534
573 344 -0.999906 -0.0136973 -0.9981 -0.0616111 0.881534
573 344 -0.999906 -0.0136973 -0.9981 -0.0616111 0.881534
573 344 -0.999906 -0.0136973 -0.9981 -0.0616111 0.881534
573 344 -0.999906 -0.0136973 -0.9981 -0.0616111 0.881534
573 344 -0.999906 -0.0136973 -0.9981 -0.0616111 0.881534
573 345 -0.999906 -0.0136973 -0.998053 -0.0623783 0
573 345 -0.999906 -0.0136973 -0.998053 -0.0623783 0
573 345 -0.999906 -0.0136973 -0.998053 -0.0623783 0.886398
573 345 -0.999906 -0.0136973 -0.998752 -0.0499376 0.881534
573 345 -0.999906 -0.0136973 -0.998752 -0.0499376 1.01998
573 345 -0.999906 -0.0136973 -0.998783 -0.0493226 1.17803
568 345 -0.999912 -0.0132439 -0.998053 -0.0623783 0.881534
568 345 -0.999912 -0.0132439 -0.998053 -0.0623783 0
568 345 -0.999912 -0.0132439 -0.9981 -0.0616111 0
567 345 -0.999805 -0.019733 -0.998053 -0.0623783 0
567 345 -0.999805 -0.019733 -0.998053 -0.0623783 0
567 345 -0.999805 -0.019733 -0.998053 -0.0623783 0.886398
567 345 -0.999805 -0.019733 -0.998752 -0.0499376 0.881534
567 345 -0.999805 -0.019733 -0.998752 -0.0499376 0.881534
566 345 -0.999808 -0.0196041 -0.998752 -0.0499376 0.881534
566 345 -0.999808 -0.0196041 -0.998752 -0.0499376 0
564 346 -0.999813 -0.0193512 -0.998752 -0.0499376 0
563 347 -0.999918 -0.0128195 -0.998003 -0.0631647 0.886398
562 347 -0.999818 -0.0191048 -0.998721 -0.0505681 0.886398
562 348 -0.999919 -0.0127378 -0.998053 -0.0623783 0
562 348 -0.999818 -0.0191048 -0.998752 -0.0499376 0.886398
562 348 -0.999818 -0.0191048 -0.998752 -0.0499376 1.14832
562 348 -0.999818 -0.0191048 -0.998752 -0.0499376 0
562 349 -0.999919 -0.0127378 -0.998752 -0.0499376 1.03881
562 349 -0.999818 -0.0191048 -0.998752 -0.0499376 0.886398
561 350 -0.99982 -0.0189839 -0.998752 -0.0499376 1.14832
561 351 -0.99982 -0.0189839 -0.998752 -0.0499376 0.886398
561 352 -0.99982 -0.0189839 -0.998752 -0.0499376 0.990573
561 353 -0.99992 -0.0126572 -0.998752 -0.0499376 1.14832
561 353 -0.99982 -0.0189839 -0.998752 -0.0499376 0.886398
561 353 -0.99982 -0.0189839 -0.998752 -0.0499376 0.886398
561 353 -0.99982 -0.0189839 -0.998752 -0.0499376 0
561 353 -0.99982 -0.0189839 -0.998752 -0.0499376 0
561 353 -0.99982 -0.0189839 -0.998752 -0.0499376 0
561 354 -0.99992 -0.0126572 -0.998752 -0.0499376 0.886398
561 354 -0.99992 -0.0126572 -0.998752 -0.0499376 0.886398
561 354 -0.99982 -0.0189839 -0.998752 -0.0499376 0.886398
561 354 -0.99982 -0.0189839 -0.998752 -0.0499376 0.886398
560 354 -0.999822 -0.0188646 -0.998752 -0.0499376 0
560 355 -0.999921 -0.0125776 -0.998752 -0.0499376 1.03881
560 355 -0.999921 -0.0125776 -0.998752 -0.0499376 0.886398
560 355 -0.999822 -0.0188646 -0.998752 -0.0499376 0.886398
560 355 -0.999822 -0.0188646 -0.998752 -0.0499376 0
560 356 -0.999921 -0.0125776 -0.998783 -0.0493226 1.14832
555 356 -0.999833 -0.0182896 -0.998752 -0.0499376 0.886398
555 356 -0.999833 -0.0182896 -0.998752 -0.0499376 0
555 357 -0.999926 -0.0121942 -0.998752 -0.0499376 0.886398
555 357 -0.999926 -0.0121942 -0.998752 -0.0499376 0.990573
559 357 -0.999824 -0.0187467 -0.998752 -0.0499376 0.886398
554 357 -0.999835 -0.0181788 -0.998752 -0.0499376 0.886398
554 357 -0.999835 -0.0181788 -0.998752 -0.0499376 0
554 357 -0.999835 -0.0181788 -0.999315 -0.0370117 0
558 358 -0.999923 -0.0124214 -0.998752 -0.0499376 1.14832
553 358 -0.999927 -0.0120473 -0.998752 -0.0499376 0.886398
553 358 -0.999927 -0.0120473 -0.998752 -0.0499376 0.990573
553 358 -0.999837 -0.0180693 -0.998783 -0.0493226 0.886398
553 358 -0.999837 -0.0180693 -0.998752 -0.0499376 0
553 358 -0.999837 -0.0180693 -0.998752 -0.0499376 0.886398
553 358 -0.999927 -0.0120473 -0.998783 -0.0493226 0.886398
553 358 -0.999927 -0.0120473 -0.998783 -0.0493226 0.886398
552 358 -0.999928 -0.0119752 -0.998752 -0.0499376 0.990573
552 357 -0.999839 -0.0179612 -0.999315 -0.0370117 1.14832
552 357 -0.999839 -0.0179612 -0.999315 -0.0370117 0
551 357 -0.999841 -0.0178543 -0.998752 -0.0499376 0.953449
551 357 -0.999841 -0.0178543 -0.998783 -0.0493226 0.883767
551 357 -0.999841 -0.0178543 -0.998783 -0.0493226 0
551 357 -0.999841 -0.0178543 -0.998783 -0.0493226 0
551 357 -0.999841 -0.0178543 -0.998783 -0.0493226 0
551 357 -0.999841 -0.0178543 -0.998783 -0.0493226 0
551 357 -0.999841 -0.0178543 -0.998783 -0.0493226 0
551 357 -0.999841 -0.0178543 -0.998783 -0.0493226 0
551 357 -0.999841 -0.0178543 -0.998783 -0.0493226 0.953449
551 357 -0.999841 -0.0178543 -0.998783 -0.0493226 0.953449
551 357 -0.999841 -0.0178543 -0.998783 -0.0493226 0.953449
551 357 -0.999841 -0.0178543 -0.998783 -0.0493226 0.953449
551 357 -0.999841 -0.0178543 -0.998783 -0.0493226 0.953449
551 357 -0.999841 -0.0178543 -0.998783 -0.0493226 0.953449
551 357 -0.999841 -0.0178543 -0.998783 -0.0493226 0.953449
551 357 -0.999841 -0.0178543 -0.998783 -0.0493226 0.953449
551 357 -0.999841 -0.0178543 -0.998783 -0.0493226 0.953449
551 357 -0.999841 -0.0178543 -0.998783 -0.0493226 0.953449
551 357 -0.999841 -0.0178543 -0.998783 -0.0493226 0.953449
551 357 -0.999841 -0.0178543 -0.998783 -0.0493226 0.953449
551 357 -0.999841 -0.0178543 -0.998783 -0.0493226 0.953449
551 357 -0.999841 -0.0178543 -0.998783 -0.0493226 1.1102
552 357 -0.999839 -0.0179612 -0.998783 -0.0493226 0.953449
552 357 -0.999839 -0.0179612 -0.998783 -0.0493226 0.953449
553 357 -0.999837 -0.0180693 -0.998783 -0.0493226 0
557 357 -0.999924 -0.0123447 -0.998752 -0.0499376 0.74126
558 357 -0.999923 -0.0124214 -0.998783 -0.0493226 0.886398
559 356 -0.999824 -0.0187467 -0.998783 -0.0493226 0.953449
559 356 -0.999922 -0.012499 -0.998783 -0.0493226 0.990573
560 355 -0.999822 -0.0188646 -0.998783 -0.0493226 0.953449
560 355 -0.999921 -0.0125776 -0.998783 -0.0493226 0.886398
561 354 -0.99982 -0.0189839 -0.998783 -0.0493226 0.886398
561 353 -0.99982 -0.0189839 -0.998783 -0.0493226 0
562 352 -0.999818 -0.0191048 -0.998783 -0.0493226 0.953449
563 351 -0.999815 -0.0192272 -0.998783 -0.0493226 0.953449
563 350 -0.999815 -0.0192272 -0.998783 -0.0493226 0.953449
564 349 -0.999813 -0.0193512 -0.998783 -0.0493226 0.990573
565 348 -0.99981 -0.0194768 -0.998783 -0.0493226 0.886398
566 347 -0.999808 -0.0196041 -0.998783 -0.0493226 0.886398
571 346 -0.999909 -0.0135123 -0.998783 -0.0493226 0
568 344 -0.999803 -0.0198636 -0.998783 -0.0493226 0.990573
573 343 -0.999906 -0.0136973 -0.998752 -0.0499376 0.990573
574 341 -0.999905 -0.0137918 -0.998752 -0.0499376 0.990573
566 343 -0.999808 -0.0196041 -0.997952 -0.0639713 1.03693
567 341 -0.999805 -0.019733 -0.998653 -0.0518781 0
568 339 -0.999803 -0.0198636 -0.998653 -0.0518781 0
570 337 -0.999797 -0.0201302 -0.998653 -0.0518781 0
570 335 -0.999797 -0.0201302 -0.998618 -0.0525588 1.03693
572 334 -0.999792 -0.0204039 -0.998653 -0.0518781 0
572 333 -0.999792 -0.0204039 -0.997898 -0.0647986 0
573 332 -0.999789 -0.0205436 -0.997843 -0.0656476 0
574 331 -0.999786 -0.0206852 -0.998618 -0.0525588 0
579 330 -0.999771 -0.0214237 -0.998618 -0.0525588 0
576 329 -0.99978 -0.0209744 -0.998653 -0.0518781 0
581 329 -0.999764 -0.021734 -0.997898 -0.0647986 1.19825
581 328 -0.999764 -0.021734 -0.997843 -0.0656476 1.27529
583 327 -0.999892 -0.0147043 -0.997843 -0.0656476 0
584 325 -0.999753 -0.0222167 -0.997898 -0.0647986 1.19825
585 324 -0.999749 -0.0223824 -0.997843 -0.0656476 1.03693
586 323 -0.999746 -0.0225507 -0.997843 -0.0656476 1.03693
587 321 -0.999742 -0.0227214 -0.997843 -0.0656476 0
588 320 -0.999738 -0.0228948 -0.997843 -0.0656476 1.03693
592 318 -0.999504 -0.0314805 -0.998618 -0.0525588 0
593 317 -0.999717 -0.0238028 -0.997843 -0.0656476 1.27529
594 315 -0.999488 -0.0319836 -0.997898 -0.0647986 0
594 314 -0.999712 -0.0239931 -0.997843 -0.0656476 1.19825
595 313 -0.999707 -0.0241865 -0.997843 -0.0656476 0
596 311 -0.999703 -0.024383 -0.997843 -0.0656476 0
596 310 -0.999703 -0.024383 -0.997843 -0.0656476 1.27529
597 309 -0.999698 -0.0245827 -0.997843 -0.0656476 1.27529
598 308 -0.999693 -0.0247858 -0.997843 -0.0656476 1.27529
602 307 -0.999671 -0.0256326 -0.997843 -0.0656476 1.27529
603 306 -0.999666 -0.0258534 -0.997843 -0.0656476 1.19825
603 305 -0.999666 -0.0258534 -0.997843 -0.0656476 0
604 304 -0.99966 -0.0260781 -0.996898 -0.0787025 0
604 302 -0.99966 -0.0260781 -0.997898 -0.0647986 1.19825
604 300 -0.999396 -0.0347616 -0.997843 -0.0656476 0
605 299 -0.999654 -0.0263067 -0.996898 -0.0787025 0
606 297 -0.999648 -0.0265393 -0.996898 -0.0787025 0
606 295 -0.999374 -0.0353761 -0.997785 -0.066519 0
606 293 -0.999374 -0.0353761 -0.997843 -0.0656476 1.19825
607 292 -0.999641 -0.0267761 -0.996898 -0.0787025 0
608 290 -0.999351 -0.0360127 -0.997843 -0.0656476 1.19825
612 290 -0.999607 -0.0280264 -0.996898 -0.0787025 0
612 288 -0.999607 -0.0280264 -0.996898 -0.0787025 0
613 287 -0.9996 -0.0282906 -0.997843 -0.0656476 0
613 285 -0.9996 -0.0282906 -0.996898 -0.0787025 0
613 284 -0.9996 -0.0282906 -0.996815 -0.0797452 0
613 281 -0.9996 -0.0282906 -0.996815 -0.0797452 0
613 279 -0.9996 -0.0282906 -0.996815 -0.0797452 1.22718
608 282 -0.999351 -0.0360127 -0.996815 -0.0797452 1.44948
608 279 -0.999351 -0.0360127 -0.996815 -0.0797452 1.19825
608 277 -0.999351 -0.0360127 -0.996815 -0.0797452 0
607 274 -0.999363 -0.0356915 -0.996729 -0.0808159 0
607 273 -0.999363 -0.0356915 -0.996815 -0.0797452 0
606 270 -0.999374 -0.0353761 -0.996729 -0.0808159 0
606 268 -0.999374 -0.0353761 -0.996815 -0.0797452 0
606 266 -0.999374 -0.0353761 -0.995673 -0.0929295 1.39973
605 263 -0.99904 -0.0438175 -0.996729 -0.0808159 1.22718
605 261 -0.99904 -0.0438175 -0.996815 -0.0797452 0
604 259 -0.999396 -0.0347616 -0.996815 -0.0797452 0
604 257 -0.999396 -0.0347616 -0.996729 -0.0808159 0
604 254 -0.999056 -0.0434372 -0.996815 -0.0797452 1.18862
604 252 -0.999056 -0.0434372 -0.996815 -0.0797452 1.43834
603 251 -0.999072 -0.0430635 -0.996815 -0.0797452 0
603 249 -0.999072 -0.0430635 -0.996815 -0.0797452 0
603 248 -0.999072 -0.0430635 -0.996815 -0.0797452 0
603 247 -0.999072 -0.0430635 -0.996815 -0.0797452 1.39973
599 245 -0.999133 -0.0416305 -0.996815 -0.0797452 0
602 244 -0.999088 -0.0426961 -0.996815 -0.0797452 0
598 242 -0.998773 -0.0495259 -0.996815 -0.0797452 0
598 240 -0.998773 -0.0495259 -0.997785 -0.066519 0
597 239 -0.999161 -0.0409492 -0.996815 -0.0797452 0
597 237 -0.998793 -0.049121 -0.996815 -0.0797452 0
597 236 -0.999161 -0.0409492 -0.996815 -0.0797452 0
596 234 -0.998812 -0.0487226 -0.996815 -0.0797452 1.18862
604 228 -0.999056 -0.0434372 -0.997843 -0.0656476 0
603 227 -0.999072 -0.0430635 -0.996898 -0.0787025 1.17016
603 226 -0.999406 -0.0344623 -0.996898 -0.0787025 0
603 224 -0.999072 -0.0430635 -0.997843 -0.0656476 0
603 223 -0.999072 -0.0430635 -0.996898 -0.0787025 1.17016
603 221 -0.999072 -0.0430635 -0.996898 -0.0787025 1.009
622 213 -0.999151 -0.0412021 -0.997952 -0.0639713 0
622 211 -0.999151 -0.0412021 -0.998003 -0.0631647 0
622 209 -0.999151 -0.0412021 -0.997952 -0.0639713 0
622 207 -0.999151 -0.0412021 -0.998003 -0.0631647 0.855983
618 205 -0.999217 -0.0395729 -0.997952 -0.0639713 0.856017
618 202 -0.998777 -0.0494444 -0.998003 -0.0631647 2.28809
617 200 -0.998801 -0.0489608 -0.998003 -0.0631647 2.44107
616 198 -0.998824 -0.0484866 -0.997952 -0.0639713 2.40616
616 196 -0.998824 -0.0484866 -0.998003 -0.0631647 2.28809
615 194 -0.998846 -0.0480215 -0.997952 -0.0639713 0.830826
614 192 -0.999275 -0.0380676 -0.998003 -0.0631647 0.946069
614 190 -0.999275 -0.0380676 -0.998003 -0.0631647 0.795862
609 188 -0.99934 -0.0363396 -0.997952 -0.0639713 0.911154
608 186 -0.998987 -0.0449994 -0.998003 -0.0631647 0.795862
608 184 -0.998987 -0.0449994 -0.998003 -0.0631647 0.795862
606 183 -0.999023 -0.0442045 -0.998688 -0.0512148 0
606 181 -0.999023 -0.0442045 -0.998003 -0.0631647 0.830826
605 180 -0.99904 -0.0438175 -0.998003 -0.0631647 0.795862
605 179 -0.99904 -0.0438175 -0.998721 -0.0505681 0
605 178 -0.99904 -0.0438175 -0.998721 -0.0505681 0.710589
604 177 -0.999056 -0.0434372 -0.998721 -0.0505681 0
604 176 -0.999056 -0.0434372 -0.998053 -0.0623783 0
603 176 -0.999072 -0.0430635 -0.998003 -0.0631647 0.795862
603 175 -0.999072 -0.0430635 -0.998721 -0.0505681 0.856017
603 175 -0.999072 -0.0430635 -0.998053 -0.0623783 0.830826
603 174 -0.999072 -0.0430635 -0.998003 -0.0631647 0.710589
603 174 -0.999072 -0.0430635 -0.998053 -0.0623783 0.830826
602 173 -0.999088 -0.0426961 -0.998003 -0.0631647 0.856017
602 173 -0.999088 -0.0426961 -0.998003 -0.0631647 0
598 172 -0.999147 -0.0412871 -0.998003 -0.0631647 0.856017
598 172 -0.999147 -0.0412871 -0.998053 -0.0623783 0
597 171 -0.999161 -0.0409492 -0.998003 -0.0631647 2.10771
597 171 -0.999161 -0.0409492 -0.998053 -0.0623783 0.856017
596 170 -0.999175 -0.0406169 -0.998053 -0.0623783 0
596 169 -0.999175 -0.0406169 -0.998003 -0.0631647 0.710589
596 169 -0.999175 -0.0406169 -0.998053 -0.0623783 0
595 168 -0.999188 -0.0402898 -0.998003 -0.0631647 2.25315
595 168 -0.999188 -0.0402898 -0.998053 -0.0623783 0
595 167 -0.998831 -0.0483306 -0.998721 -0.0505681 0.856017
595 167 -0.999188 -0.0402898 -0.998053 -0.0623783 0
595 167 -0.999188 -0.0402898 -0.998053 -0.0623783 0
595 167 -0.999188 -0.0402898 -0.998053 -0.0623783 0
595 167 -0.999188 -0.0402898 -0.998053 -0.0623783 0
595 163 -0.999188 -0.0402898 -0.998053 -0.0623783 0
595 163 -0.999188 -0.0402898 -0.998053 -0.0623783 0.686307
595 164 -0.999188 -0.0402898 -0.998053 -0.0623783 0.710589
595 164 -0.999188 -0.0402898 -0.998053 -0.0623783 0
595 165 -0.999188 -0.0402898 -0.998053 -0.0623783 0.710589
595 166 -0.999188 -0.0402898 -0.998053 -0.0623783 0.710589
595 167 -0.999188 -0.0402898 -0.998053 -0.0623783 0.686307
595 169 -0.999188 -0.0402898 -0.998053 -0.0623783 0.710589
596 170 -0.999175 -0.0406169 -0.998053 -0.0623783 2.10771
596 172 -0.999175 -0.0406169 -0.998003 -0.0631647 0
600 173 -0.999118 -0.0419798 -0.998053 -0.0623783 0
602 165 -0.999416 -0.0341681 -0.998146 -0.0608626 2.10771
602 167 -0.999416 -0.0341681 -0.9981 -0.0616111 2.10771
602 169 -0.999416 -0.0341681 -0.998783 -0.0493226 0.710556
603 171 -0.999406 -0.0344623 -0.9981 -0.0616111 2.07449
603 172 -0.999406 -0.0344623 -0.998752 -0.0499376 0.762659
603 174 -0.999406 -0.0344623 -0.998783 -0.0493226 0.686307
603 176 -0.999666 -0.0258534 -0.998053 -0.0623783 2.21994
604 177 -0.999396 -0.0347616 -0.998783 -0.0493226 0.686307
604 179 -0.99966 -0.0260781 -0.998053 -0.0623783 2.07449
605 180 -0.999385 -0.0350661 -0.998783 -0.0493226 0.686307
605 182 -0.999385 -0.0350661 -0.998752 -0.0499376 0
605 184 -0.999654 -0.0263067 -0.998752 -0.0499376 0
605 186 -0.999654 -0.0263067 -0.9981 -0.0616111 2.10771
605 187 -0.999385 -0.0350661 -0.998783 -0.0493226 0.795862
605 189 -0.999385 -0.0350661 -0.998783 -0.0493226 0.795862
605 191 -0.999654 -0.0263067 -0.998783 -0.0493226 0.710589
605 193 -0.999654 -0.0263067 -0.9981 -0.0616111 0.795862
605 194 -0.999654 -0.0263067 -0.998752 -0.0499376 0
605 196 -0.999654 -0.0263067 -0.998053 -0.0623783 2.10771
605 197 -0.999654 -0.0263067 -0.998752 -0.0499376 0
605 199 -0.999654 -0.0263067 -0.998752 -0.0499376 0.856017
606 201 -0.999648 -0.0265393 -0.9981 -0.0616111 0
606 202 -0.999648 -0.0265393 -0.998752 -0.0499376 0.855983
606 204 -0.999648 -0.0265393 -0.998053 -0.0623783 0
606 205 -0.999648 -0.0265393 -0.998752 -0.0499376 0.856017
606 206 -0.999648 -0.0265393 -0.9981 -0.0616111 0
605 208 -0.999654 -0.0263067 -0.998752 -0.0499376 0
605 209 -0.999654 -0.0263067 -0.998752 -0.0499376 0.856017
605 210 -0.999654 -0.0263067 -0.998752 -0.0499376 0
604 212 -0.99966 -0.0260781 -0.998053 -0.0623783 0.855983
604 213 -0.99966 -0.0260781 -0.998752 -0.0499376 0.710589
603 214 -0.999666 -0.0258534 -0.998752 -0.0499376 0
603 216 -0.999666 -0.0258534 -0.998783 -0.0493226 0.856017
603 217 -0.999666 -0.0258534 -0.998053 -0.0623783 0.710589
602 219 -0.999671 -0.0256326 -0.998752 -0.0499376 0
602 221 -0.999671 -0.0256326 -0.998783 -0.0493226 0.856017
598 222 -0.999454 -0.0330398 -0.998783 -0.0493226 0
600 225 -0.999682 -0.0252021 -0.999298 -0.0374737 0.710589
596 227 -0.999703 -0.024383 -0.998752 -0.0499376 0
595 230 -0.999707 -0.0241865 -0.998752 -0.0499376 0.710589
595 232 -0.99948 -0.0322413 -0.998752 -0.0499376 0
594 234 -0.999488 -0.0319836 -0.999298 -0.0374737 0.710589
593 237 -0.999717 -0.0238028 -0.998752 -0.0499376 0.710589
593 238 -0.999497 -0.03173 -0.999298 -0.0374737 0.856017
593 240 -0.999717 -0.0238028 -0.998783 -0.0493226 0.830826
592 242 -0.999721 -0.0236155 -0.998752 -0.0499376 0.710589
594 236 -0.999488 -0.0319836 -0.999298 -0.0374737 0.856017
593 238 -0.999717 -0.0238028 -0.998752 -0.0499376 0
593 240 -0.999717 -0.0238028 -0.998752 -0.0499376 0.856017
593 241 -0.999717 -0.0238028 -0.998752 -0.0499376 0.710589
593 242 -0.999717 -0.0238028 -0.998783 -0.0493226 0
593 243 -0.999497 -0.03173 -0.999298 -0.0374737 0
593 245 -0.999717 -0.0238028 -0.998752 -0.0499376 0.710589
592 246 -0.999721 -0.0236155 -0.998752 -0.0499376 0.856017
585 255 -0.999555 -0.0298375 -0.998688 -0.0512148 0.855983
584 256 -0.999561 -0.0296166 -0.997952 -0.0639713 2.30573
583 257 -0.999568 -0.0293991 -0.998688 -0.0512148 0
583 258 -0.999568 -0.0293991 -0.998721 -0.0505681 1.009
579 259 -0.999592 -0.0285598 -0.998688 -0.0512148 2.30573
579 260 -0.999592 -0.0285598 -0.998721 -0.0505681 0
582 261 -0.999574 -0.0291846 -0.998688 -0.0512148 0
578 262 -0.999598 -0.0283574 -0.998721 -0.0505681 0
578 263 -0.999598 -0.0283574 -0.998721 -0.0505681 0
577 264 -0.999604 -0.0281578 -0.998721 -0.0505681 0
577 265 -0.999604 -0.0281578 -0.99928 -0.0379473 1.06379
576 266 -0.999609 -0.0279611 -0.998721 -0.0505681 0
575 267 -0.999614 -0.0277671 -0.998721 -0.0505681 0
575 268 -0.999614 -0.0277671 -0.998721 -0.0505681 0
574 269 -0.99962 -0.0275757 -0.998688 -0.0512148 1.00903
573 270 -0.999625 -0.027387 -0.99928 -0.0379473 1.06379
573 272 -0.999625 -0.027387 -0.998721 -0.0505681 0
572 273 -0.99963 -0.0272008 -0.998721 -0.0505681 0.855983
571 275 -0.999635 -0.0270172 -0.99928 -0.0379473 0
571 276 -0.999635 -0.0270172 -0.998721 -0.0505681 0
566 277 -0.999658 -0.0261349 -0.99928 -0.0379473 0
565 279 -0.999663 -0.0259653 -0.998721 -0.0505681 0
565 280 -0.999663 -0.0259653 -0.998721 -0.0505681 0
564 281 -0.999667 -0.0257979 -0.998721 -0.0505681 0
564 282 -0.999813 -0.0193512 -0.998721 -0.0505681 0
563 282 -0.999671 -0.0256326 -0.99928 -0.0379473 0
563 283 -0.999671 -0.0256326 -0.998721 -0.0505681 0.855983
563 283 -0.999671 -0.0256326 -0.99928 -0.0379473 0.873597
563 283 -0.999671 -0.0256326 -0.99928 -0.0379473 0
563 283 -0.999671 -0.0256326 -0.99928 -0.0379473 0
563 284 -0.999671 -0.0256326 -0.998721 -0.0505681 0
563 284 -0.999671 -0.0256326 -0.998721 -0.0505681 0.855983
563 284 -0.999671 -0.0256326 -0.998721 -0.0505681 0.855983
563 284 -0.999671 -0.0256326 -0.998721 -0.0505681 0.855983
563 284 -0.999671 -0.0256326 -0.998721 -0.0505681 0.855983
563 284 -0.999671 -0.0256326 -0.99928 -0.0379473 0.873597
563 284 -0.999671 -0.0256326 -0.999261 -0.0384331 0
563 288 -0.999671 -0.0256326 -0.998688 -0.0512148 0
562 288 -0.999493 -0.031831 -0.999261 -0.0384331 0.873597
561 289 -0.9995 -0.0316297 -0.999261 -0.0384331 0.873597
561 290 -0.9995 -0.0316297 -0.999261 -0.0384331 0
560 292 -0.999684 -0.0251493 -0.998688 -0.0512148 0
559 293 -0.999688 -0.0249922 -0.998688 -0.0512148 0.855983
559 294 -0.999512 -0.0312348 -0.999261 -0.0384331 0
558 296 -0.999691 -0.0248371 -0.998688 -0.0512148 0.855983
553 297 -0.99971 -0.0240894 -0.99928 -0.0379473 1.009
552 299 -0.999713 -0.0239452 -0.99928 -0.0379473 0
551 300 -0.999717 -0.0238028 -0.99928 -0.0379473 0.855983
551 298 -0.999841 -0.0178543 -0.999298 -0.0374737 0.855983
550 300 -0.999842 -0.0177487 -0.999298 -0.0374737 0.855983
549 301 -0.999844 -0.0176443 -0.999298 -0.0374737 0.855983
548 303 -0.999846 -0.0175412 -0.999298 -0.0374737 0.855983
548 304 -0.999846 -0.0175412 -0.999298 -0.0374737 0.856017
547 306 -0.999848 -0.0174392 -0.999298 -0.0374737 0.856017
546 307 -0.99985 -0.0173384 -0.999298 -0.0374737 0
545 309 -0.999851 -0.0172388 -0.99928 -0.0379473 0.710589
544 310 -0.999853 -0.0171403 -0.999688 -0.0249922 0
543 312 -0.999855 -0.017043 -0.999298 -0.0374737 0.856017
541 314 -0.999858 -0.0168515 -0.999298 -0.0374737 0.855983
540 315 -0.99986 -0.0167574 -0.999298 -0.0374737 0.855983
539 317 -0.999861 -0.0166644 -0.99928 -0.0379473 0.795862
532 318 -0.999871 -0.0160407 -0.99968 -0.0253083 0.856017
531 319 -0.999873 -0.0159554 -0.999298 -0.0374737 0.946069
530 320 -0.999874 -0.015871 -0.99928 -0.0379473 0
529 320 -0.999875 -0.0157875 -0.99968 -0.0253083 0.856017
528 320 -0.999877 -0.0157049 -0.99968 -0.0253083 0.855983
527 320 -0.999878 -0.0156231 -0.99928 -0.0379473 0
526 321 -0.999879 -0.0155422 -0.99928 -0.0379473 0.946069
526 321 -0.999879 -0.0155422 -0.99928 -0.0379473 0.946069
519 321 -0.999888 -0.0149983 -0.999671 -0.0256326 1.009
523 321 -0.99988 -0.0154621 -0.999671 -0.0256326 0
516 321 -0.999886 -0.0150737 -0.999671 -0.0256326 0.830826
520 321 -0.999879 -0.0155422 -0.999663 -0.0259653 0.946069
513 321 -0.999886 -0.0150737 -0.999663 -0.0259653 0
512 324 -0.999794 -0.0203004 -0.999663 -0.0259653 0
511 324 -0.999792 -0.0204039 -0.999663 -0.0259653 0
510 324 -0.999884 -0.0152267 -0.999654 -0.0263067 0
510 324 -0.999882 -0.0153828 -0.999663 -0.0259653 1.14293
509 323 -0.99979 -0.0205085 -0.999654 -0.0263067 0.948443
508 322 -0.99979 -0.0205085 -0.999913 -0.0131568 0
507 321 -0.999788 -0.0206142 -0.999911 -0.0133321 0
506 320 -0.99988 -0.0154621 -0.999654 -0.0263067 0
505 318 -0.999788 -0.0206142 -0.999911 -0.0133321 1.10689
487 322 -0.999631 -0.0271639 -0.999904 -0.0138875 1.19258
487 320 -0.999627 -0.0273122 -0.999904 -0.0138875 1.27389
487 318 -0.999627 -0.0273122 -0.999904 -0.0138875 1.36458
486 316 -0.999627 -0.0273122 -0.999604 -0.0281578 1.22662
486 314 -0.999623 -0.0274622 -0.999604 -0.0281578 1.22662
486 312 -0.999623 -0.0274622 -0.999604 -0.0281578 1.22662
486 310 -0.999619 -0.0276138 -0.999604 -0.0281578 1.40022
486 309 -0.999619 -0.0276138 -0.999604 -0.0281578 0
486 307 -0.999614 -0.0277671 -0.999604 -0.0281578 1.40022
486 306 -0.999614 -0.0277671 -0.999604 -0.0281578 0
482 309 -0.999601 -0.0282373 -0.999592 -0.0285598 0
482 308 -0.999597 -0.0283976 -0.999898 -0.0142843 0
482 308 -0.999745 -0.0225931 -0.99958 -0.0289733 0
481 307 -0.999601 -0.0282373 -0.99958 -0.0289733 1.58383
481 307 -0.999745 -0.0225931 -0.99958 -0.0289733 0
481 299 -0.999753 -0.0222167 -0.999898 -0.0142843 0
481 299 -0.999753 -0.0222167 -0.999592 -0.0285598 1.44832
481 299 -0.999861 -0.0166644 -0.999592 -0.0285598 0
482 298 -0.99975 -0.0223408 -0.999898 -0.0142843 0
482 298 -0.99986 -0.0167574 -0.999592 -0.0285598 1.27207
482 297 -0.99975 -0.0223408 -0.999898 -0.0142843 0
482 296 -0.99975 -0.0223408 -0.999898 -0.0142843 0
482 296 -0.999861 -0.0166644 -0.999592 -0.0285598 1.44832
483 295 -0.99975 -0.0223408 -0.999898 -0.0142843 0
483 295 -0.99975 -0.0223408 -0.999592 -0.0285598 1.27207
483 295 -0.99975 -0.0223408 -0.999592 -0.0285598 0
483 295 -0.99975 -0.0223408 -0.999592 -0.0285598 0
483 295 -0.99975 -0.0223408 -0.999592 -0.0285598 0
483 295 -0.99975 -0.0223408 -0.999592 -0.0285598 0
483 295 -0.99986 -0.0167574 -0.999592 -0.0285598 0
483 295 -0.99986 -0.0167574 -0.999592 -0.0285598 0
483 295 -0.99986 -0.0167574 -0.999592 -0.0285598 0
483 295 -0.99986 -0.0167574 -0.999592 -0.0285598 0
483 295 -0.99986 -0.0167574 -0.999592 -0.0285598 0
483 294 -0.99975 -0.0223408 -0.999898 -0.0142843 0
482 294 -0.99975 -0.0223408 -0.999898 -0.0142843 0
482 294 -0.99986 -0.0167574 -0.999592 -0.0285598 0
481 293 -0.99975 -0.0223408 -0.999592 -0.0285598 0
480 292 -0.99975 -0.0223408 -0.999592 -0.0285598 1.27207
479 291 -0.99975 -0.0223408 -0.999592 -0.0285598 1.27207
478 290 -0.99975 -0.0223408 -0.999592 -0.0285598 0
477 289 -0.99975 -0.0223408 -0.999592 -0.0285598 0
476 288 -0.99975 -0.0223408 -0.999592 -0.0285598 0
475 287 -0.99975 -0.0223408 -0.999592 -0.0285598 0
491 286 -0.999761 -0.0218527 -0.999614 -0.0277671 0
490 285 -0.999761 -0.0218527 -0.999604 -0.0281578 0
488 284 -0.999761 -0.0218527 -0.999604 -0.0281578 0
487 283 -0.999761 -0.0218527 -0.999604 -0.0281578 1.22662
486 282 -0.999623 -0.0274622 -0.999604 -0.0281578 1.22662
485 281 -0.999623 -0.0274622 -0.999901 -0.0140831 0
484 281 -0.999756 -0.0220941 -0.999604 -0.0281578 0
483 280 -0.999756 -0.0220941 -0.999604 -0.0281578 1.27207
482 279 -0.999756 -0.0220941 -0.999604 -0.0281578 1.40022
481 278 -0.999756 -0.0220941 -0.999592 -0.0285598 0
480 277 -0.999753 -0.0222167 -0.999592 -0.0285598 0
479 276 -0.999753 -0.0222167 -0.999592 -0.0285598 0
477 275 -0.999753 -0.0222167 -0.999592 -0.0285598 0
477 274 -0.999614 -0.0277671 -0.999895 -0.0144912 1.27207
475 273 -0.999614 -0.0277671 -0.999895 -0.0144912 0
474 272 -0.999753 -0.0222167 -0.99958 -0.0289733 0
474 270 -0.999606 -0.0280788 -0.999898 -0.0142843 0
473 269 -0.999606 -0.0280788 -0.999895 -0.0144912 0
472 268 -0.999606 -0.0280788 -0.999895 -0.0144912 0
472 267 -0.999606 -0.0280788 -0.999895 -0.0144912 0
471 266 -0.999606 -0.0280788 -0.999895 -0.0144912 0
471 265 -0.999606 -0.0280788 -0.999895 -0.0144912 0
471 264 -0.999601 -0.0282373 -0.999895 -0.0144912 0
470 264 -0.999748 -0.0224662 -0.99958 -0.0289733 0
470 263 -0.999601 -0.0282373 -0.999895 -0.0144912 0
469 263 -0.999606 -0.0280788 -0.999892 -0.0147043 0
469 263 -0.999601 -0.0282373 -0.999892 -0.0147043 0
469 263 -0.999601 -0.0282373 -0.999895 -0.0144912 0
469 263 -0.999601 -0.0282373 -0.999895 -0.0144912 0
469 263 -0.999601 -0.0282373 -0.999895 -0.0144912 0
469 263 -0.999601 -0.0282373 -0.999895 -0.0144912 0
469 263 -0.999601 -0.0282373 -0.999895 -0.0144912 0
469 263 -0.999601 -0.0282373 -0.999895 -0.0144912 0
469 263 -0.999601 -0.0282373 -0.999895 -0.0144912 0
469 263 -0.999601 -0.0282373 -0.999895 -0.0144912 0
468 263 -0.999601 -0.0282373 -0.999892 -0.0147043 0
467 263 -0.999601 -0.0282373 -0.999895 -0.0144912 0
467 263 -0.999601 -0.0282373 -0.999895 -0.0144912 0
467 263 -0.999601 -0.0282373 -0.999892 -0.0147043 0
467 263 -0.999601 -0.0282373 -0.999892 -0.0147043 0
467 263 -0.999601 -0.0282373 -0.999892 -0.0147043 0
467 263 -0.999601 -0.0282373 -0.999892 -0.0147043 0
467 263 -0.999601 -0.0282373 -0.999892 -0.0147043 0
467 263 -0.999601 -0.0282373 -0.999892 -0.0147043 0
467 263 -0.999601 -0.0282373 -0.999892 -0.0147043 0
467 263 -0.999601 -0.0282373 -0.999892 -0.0147043 0
467 263 -0.999601 -0.0282373 -0.999892 -0.0147043 0
466 261 -0.999601 -0.0282373 -0.999892 -0.0147043 0
466 261 -0.999601 -0.0282373 -0.999892 -0.0147043 0
466 261 -0.999601 -0.0282373 -0.999892 -0.0147043 0
466 261 -0.999601 -0.0282373 -0.999892 -0.0147043 0
466 261 -0.999601 -0.0282373 -0.999892 -0.0147043 0
466 261 -0.999601 -0.0282373 -0.999892 -0.0147043 0
466 261 -0.999601 -0.0282373 -0.999892 -0.0147043 0
466 261 -0.999601 -0.0282373 -0.999892 -0.0147043 0
467 261 -0.999601 -0.0282373 -0.999895 -0.0144912 0
467 262 -0.999601 -0.0282373 -0.999895 -0.0144912 0
467 262 -0.999601 -0.0282373 -0.999892 -0.0147043 0
468 262 -0.999601 -0.0282373 -0.999895 -0.0144912 0
469 263 -0.999601 -0.0282373 -0.999895 -0.0144912 0
470 264 -0.999601 -0.0282373 -0.999895 -0.0144912 0
471 265 -0.999606 -0.0280788 -0.999895 -0.0144912 0
472 266 -0.999606 -0.0280788 -0.999892 -0.0147043 0
474 268 -0.999606 -0.0280788 -0.999895 -0.0144912 1.3402
475 270 -0.99975 -0.0223408 -0.999895 -0.0144912 1.3402
477 272 -0.99961 -0.0279221 -0.999895 -0.0144912 0
479 275 -0.99975 -0.0223408 -0.999895 -0.0144912 1.3402
480 278 -0.999753 -0.0222167 -0.999895 -0.0144912 1.3402
482 281 -0.999753 -0.0222167 -0.999895 -0.0144912 0
484 271 -0.999869 -0.0162141 -1 0 0
479 261 -0.999873 -0.0159554 -1 0 1.36458
480 264 -0.999874 -0.015871 -1 0 1.36458
481 267 -0.999875 -0.0157875 -1 0 1.27389
482 270 -0.999875 -0.0157875 -1 0 1.35959
483 273 -0.999875 -0.0157875 -1 0 0
484 287 -0.999766 -0.0216166 -0.999901 -0.0140831 1.36458
485 289 -0.999869 -0.0162141 -0.999901 -0.0140831 1.36458
486 290 -0.999766 -0.0216166 -0.999904 -0.0138875 1.45026
486 291 -0.999769 -0.0215004 -0.999901 -0.0140831 1.36458
487 292 -0.99987 -0.0161269 -0.999904 -0.0138875 1.36458
487 292 -0.999769 -0.0215004 -1 0 1.27389
488 293 -0.999769 -0.0215004 -1 0 0
489 294 -0.999769 -0.0215004 -1 0 0
490 304 -0.999627 -0.0273122 -0.999898 -0.0142843 1.45026
491 306 -0.999627 -0.0273122 -0.999901 -0.0140831 1.63359
492 307 -0.999627 -0.0273122 -0.999898 -0.0142843 1.36458
493 314 -0.999627 -0.0273122 -0.999898 -0.0142843 1.36458
495 316 -0.999627 -0.0273122 -0.999901 -0.0140831 1.45026
497 318 -0.999761 -0.0218527 -0.999901 -0.0140831 0
498 319 -0.999631 -0.0271639 -0.999901 -0.0140831 1.54626
500 321 -0.999631 -0.0271639 -0.999901 -0.0140831 1.36458
502 323 -0.999764 -0.021734 -0.999604 -0.0281578 1.45026
504 318 -0.999873 -0.0159554 -0.999904 -0.0138875 1.36458
507 319 -0.999774 -0.0212718 -1 0 0
510 321 -0.999873 -0.0159554 -0.999906 -0.0136973 1.36458
512 323 -0.999873 -0.0159554 -0.999906 -0.0136973 0
515 325 -0.999873 -0.0159554 -0.999906 -0.0136973 0
517 326 -0.999874 -0.015871 -0.999906 -0.0136973 1.27107
519 328 -0.999874 -0.015871 -0.999906 -0.0136973 0
522 329 -0.999874 -0.015871 -0.999635 -0.0270172 1.44729
524 331 -0.999874 -0.015871 -0.999625 -0.027387 1.27107
526 332 -0.999875 -0.0157875 -0.999625 -0.027387 1.3402
528 333 -0.999875 -0.0157875 -0.999625 -0.027387 1.3402
531 334 -0.999873 -0.0159554 -0.999635 -0.0270172 0
537 335 -0.999864 -0.0164813 -0.999179 -0.0405073 1.3402
539 336 -0.999861 -0.0166644 -0.999179 -0.0405073 1.3402
540 337 -0.99986 -0.0167574 -0.999179 -0.0405073 0.0123534
541 343 -0.999858 -0.0168515 -0.999179 -0.0405073 1.58192
543 344 -0.999855 -0.017043 -0.999179 -0.0405073 1.58192
544 345 -0.999853 -0.0171403 -0.999179 -0.0405073 1.58192
546 346 -0.99985 -0.0173384 -0.999179 -0.0405073 1.58192
548 347 -0.999846 -0.0175412 -0.999201 -0.039968 1.35897
554 348 -0.999835 -0.0181788 -0.998542 -0.0539753 0
555 349 -0.999833 -0.0182896 -0.999179 -0.0405073 1.44948
558 350 -0.999826 -0.0186303 -0.998581 -0.0532576 0
558 350 -0.999826 -0.0186303 -0.998542 -0.0539753 1.44948
560 351 -0.999822 -0.0188646 -0.998542 -0.0539753 0
561 351 -0.99982 -0.0189839 -0.998581 -0.0532576 1.63356
562 352 -0.999818 -0.0191048 -0.998581 -0.0532576 1.36828
563 352 -0.999815 -0.0192272 -0.998542 -0.0539753 0
565 353 -0.99981 -0.0194768 -0.998542 -0.0539753 1.44948
566 353 -0.999808 -0.0196041 -0.997785 -0.066519 1.36828
571 353 -0.999795 -0.0202661 -0.997725 -0.0674139 1.44948
572 353 -0.999792 -0.0204039 -0.998581 -0.0532576 0
573 352 -0.999789 -0.0205436 -0.998581 -0.0532576 0.0921617
574 352 -0.999786 -0.0206852 -0.997785 -0.066519 0
574 351 -0.999786 -0.0206852 -0.997725 -0.0674139 1.36828
574 361 -0.99962 -0.0275757 -0.997663 -0.0683331 0.244301
574 368 -0.999786 -0.0206852 -0.996639 -0.0819155 3.21592
574 366 -0.99962 -0.0275757 -0.997597 -0.0692776 1.63356
575 365 -0.999614 -0.0277671 -0.997663 -0.0683331 0.0921617
576 364 -0.99978 -0.0209744 -0.996639 -0.0819155 1.82812
576 362 -0.999609 -0.0279611 -0.997663 -0.0683331 0
577 361 -0.999777 -0.021122 -0.996546 -0.0830455 1.63356
578 359 -0.999598 -0.0283574 -0.997597 -0.0692776 0.0921617
578 357 -0.999598 -0.0283574 -0.997597 -0.0692776 0.0360627
579 356 -0.999592 -0.0285598 -0.997597 -0.0692776 0.0921617
580 355 -0.999586 -0.0287651 -0.997597 -0.0692776 0.244301
581 354 -0.99958 -0.0289733 -0.997597 -0.0692776 0.372501
582 353 -0.999574 -0.0291846 -0.997597 -0.0692776 0.0921617
583 352 -0.999568 -0.0293991 -0.997597 -0.0692776 0.244301
584 351 -0.999561 -0.0296166 -0.997597 -0.0692776 0.0921617
588 350 -0.999534 -0.0305201 -0.997529 -0.0702486 0.372501
590 349 -0.99952 -0.0309929 -0.997597 -0.0692776 0.244301
592 341 -0.999721 -0.0236155 -0.997663 -0.0683331 0.0360627
597 340 -0.999698 -0.0245827 -0.997725 -0.0674139 0.244301
598 339 -0.999693 -0.0247858 -0.996639 -0.0819155 1.54775
599 337 -0.999688 -0.0249922 -0.997663 -0.0683331 1.63356
600 336 -0.999682 -0.0252021 -0.997663 -0.0683331 0.372501
601 334 -0.999426 -0.0338788 -0.997663 -0.0683331 0.186028
602 333 -0.999671 -0.0256326 -0.997663 -0.0683331 0.0921617
607 331 -0.999363 -0.0356915 -0.997663 -0.0683331 0.0921617
608 330 -0.999635 -0.0270172 -0.996639 -0.0819155 0.0921617
609 328 -0.999628 -0.0272626 -0.996546 -0.0830455 0.0360627
610 326 -0.999327 -0.0366726 -0.997663 -0.0683331 0.244301
611 325 -0.999315 -0.0370117 -0.997663 -0.0683331 0.0921617
611 326 -0.999315 -0.0370117 -0.996546 -0.0830455 1.82812
611 325 -0.999614 -0.0277671 -0.996546 -0.0830455 0
612 323 -0.999302 -0.0373571 -0.996546 -0.0830455 0
612 322 -0.999302 -0.0373571 -0.996546 -0.0830455 0
613 321 -0.9996 -0.0282906 -0.996546 -0.0830455 0.244301
614 319 -0.999275 -0.0380676 -0.996546 -0.0830455 0
618 319 -0.999559 -0.0296899 -0.996546 -0.0830455 0.244301
618 318 -0.999559 -0.0296899 -0.996546 -0.0830455 0.0921617
619 316 -0.99955 -0.0299865 -0.996546 -0.0830455 0.244301
620 315 -0.999541 -0.0302891 -0.996546 -0.0830455 0.0921617
620 313 -0.999541 -0.0302891 -0.996546 -0.0830455 0.244301
621 311 -0.999532 -0.0305979 -0.996546 -0.0830455 0.244301
621 309 -0.999532 -0.0305979 -0.996448 -0.0842069 0
627 313 -0.999469 -0.0325914 -0.996448 -0.0842069 0.244301
627 311 -0.999469 -0.0325914 -0.995175 -0.0981158 1.82812
629 309 -0.999445 -0.0333148 -0.996546 -0.0830455 0.244301
629 307 -0.999445 -0.0333148 -0.996448 -0.0842069 0.372501
630 305 -0.999432 -0.0336887 -0.995175 -0.0981158 0.186028
633 302 -0.999392 -0.0348625 -0.996546 -0.0830455 0.244301
633 300 -0.999392 -0.0348625 -0.995175 -0.0981158 1.82812
634 297 -0.999378 -0.0352722 -0.996546 -0.0830455 0.244301
634 295 -0.999378 -0.0352722 -0.995175 -0.0981158 0.186028
634 292 -0.999378 -0.0352722 -0.996546 -0.0830455 0.244301
633 289 -0.99892 -0.0464614 -0.996448 -0.0842069 0.244301
633 287 -0.999392 -0.0348625 -0.995175 -0.0981158 0.372501
633 284 -0.999392 -0.0348625 -0.995307 -0.096766 0.244301
639 281 -0.999298 -0.0374737 -0.995307 -0.096766 0.0921617
639 278 -0.999298 -0.0374737 -0.995307 -0.096766 0.0921617
639 275 -0.998752 -0.0499376 -0.995434 -0.0954526 0
638 272 -0.998783 -0.0493226 -0.995434 -0.0954526 1.63356
638 270 -0.998783 -0.0493226 -0.995434 -0.0954526 0.0921617
637 267 -0.998812 -0.0487226 -0.996639 -0.0819155 0.0921617
636 265 -0.998841 -0.0481369 -0.995434 -0.0954526 0
633 263 -0.99892 -0.0464614 -0.995434 -0.0954526 0.0360627
633 262 -0.99892 -0.0464614 -0.996729 -0.0808159 0.0921617
632 260 -0.998945 -0.0459285 -0.995434 -0.0954526 0.0921617
632 259 -0.998945 -0.0459285 -0.996729 -0.0808159 0.0921617
636 250 -0.999347 -0.036121 -0.995673 -0.0929295 1.63356
636 249 -0.999347 -0.036121 -0.995673 -0.0929295 0
636 247 -0.998841 -0.0481369 -0.996815 -0.0797452 0.0360627
636 246 -0.998841 -0.0481369 -0.996729 -0.0808159 0.117301
636 245 -0.999347 -0.036121 -0.996729 -0.0808159 0
636 243 -0.998841 -0.0481369 -0.996729 -0.0808159 0.0360627
636 242 -0.998841 -0.0481369 -0.996815 -0.0797452 0
636 241 -0.999347 -0.036121 -0.996729 -0.0808159 0
636 239 -0.998841 -0.0481369 -0.996729 -0.0808159 0.117301
636 238 -0.999347 -0.036121 -0.996729 -0.0808159 0
636 236 -0.998841 -0.0481369 -0.996729 -0.0808159 0.117301
636 234 -0.998841 -0.0481369 -0.997785 -0.066519 0
636 233 -0.998841 -0.0481369 -0.996729 -0.0808159 0
636 231 -0.998841 -0.0481369 -0.996729 -0.0808159 0
636 229 -0.998841 -0.0481369 -0.996815 -0.0797452 0
635 227 -0.998868 -0.0475652 -0.996729 -0.0808159 0
635 225 -0.998868 -0.0475652 -0.996729 -0.0808159 0
634 223 -0.998895 -0.0470068 -0.996729 -0.0808159 0
634 220 -0.998895 -0.0470068 -0.996729 -0.0808159 0
633 218 -0.99892 -0.0464614 -0.996729 -0.0808159 0
630 216 -0.998991 -0.0448985 -0.996815 -0.0797452 0
629 214 -0.999014 -0.0444006 -0.997785 -0.066519 0
629 212 -0.999014 -0.0444006 -0.996815 -0.0797452 0
628 210 -0.999035 -0.0439136 -0.996815 -0.0797452 0
628 209 -0.999035 -0.0439136 -0.996815 -0.0797452 0
627 207 -0.999056 -0.0434372 -0.997785 -0.066519 0
627 205 -0.999056 -0.0434372 -0.997785 -0.066519 0
626 203 -0.999076 -0.042971 -0.997785 -0.066519 0
622 201 -0.998674 -0.051478 -0.996815 -0.0797452 0
621 199 -0.998701 -0.0509541 -0.996815 -0.0797452 0
620 198 -0.998727 -0.0504408 -0.997843 -0.0656476 0
619 196 -0.998752 -0.0499376 -0.996815 -0.0797452 0
619 195 -0.998752 -0.0499376 -0.997785 -0.066519 0
618 193 -0.998777 -0.0494444 -0.996898 -0.0787025 0
618 192 -0.998777 -0.0494444 -0.997843 -0.0656476 0
617 191 -0.998801 -0.0489608 -0.996898 -0.0787025 0
613 190 -0.998889 -0.0471174 -0.996898 -0.0787025 0
616 188 -0.998824 -0.0484866 -0.997843 -0.0656476 0
612 187 -0.99891 -0.046678 -0.996898 -0.0787025 0
611 186 -0.99893 -0.0462468 -0.996898 -0.0787025 0
611 184 -0.99846 -0.05547 -0.997843 -0.0656476 0
611 183 -0.99893 -0.0462468 -0.997843 -0.0656476 0
610 182 -0.99895 -0.0458234 -0.996898 -0.0787025 0
609 180 -0.998516 -0.0544645 -0.997843 -0.0656476 0
609 179 -0.998516 -0.0544645 -0.997898 -0.0647986 0
608 178 -0.998542 -0.0539753 -0.996898 -0.0787025 0
607 177 -0.998568 -0.0534947 -0.996898 -0.0787025 0
607 176 -0.998568 -0.0534947 -0.996978 -0.0776866 0
603 175 -0.998665 -0.0516551 -0.996978 -0.0776866 0
602 174 -0.998688 -0.0512148 -0.997843 -0.0656476 0
605 174 -0.998618 -0.0525588 -0.996898 -0.0787025 0
605 166 -0.99904 -0.0438175 -0.997898 -0.0647986 0
605 165 -0.99904 -0.0438175 -0.997952 -0.0639713 0
605 165 -0.99904 -0.0438175 -0.997054 -0.0766965 0
601 164 -0.999103 -0.0423349 -0.997952 -0.0639713 0
601 164 -0.999103 -0.0423349 -0.997054 -0.0766965 0
600 163 -0.999118 -0.0419798 -0.997952 -0.0639713 0
603 163 -0.999072 -0.0430635 -0.996978 -0.0776866 0
599 162 -0.999133 -0.0416305 -0.997898 -0.0647986 0
598 161 -0.998773 -0.0495259 -0.997898 -0.0647986 0
598 161 -0.999147 -0.0412871 -0.997054 -0.0766965 0
598 160 -0.998773 -0.0495259 -0.997952 -0.0639713 0
597 160 -0.999161 -0.0409492 -0.997054 -0.0766965 0
596 159 -0.998812 -0.0487226 -0.997952 -0.0639713 0
596 158 -0.998812 -0.0487226 -0.997952 -0.0639713 0
596 158 -0.998812 -0.0487226 -0.997952 -0.0639713 0
596 158 -0.999175 -0.0406169 -0.997054 -0.0766965 0
596 158 -0.999175 -0.0406169 -0.997054 -0.0766965 0
596 158 -0.999175 -0.0406169 -0.997054 -0.0766965 0
596 158 -0.999175 -0.0406169 -0.997054 -0.0766965 0
596 158 -0.999175 -0.0406169 -0.997054 -0.0766965 0
596 158 -0.999175 -0.0406169 -0.997054 -0.0766965 0
596 153 -0.999175 -0.0406169 -0.998003 -0.0631647 0
596 153 -0.999175 -0.0406169 -0.998003 -0.0631647 0
596 153 -0.999175 -0.0406169 -0.998003 -0.0631647 0
596 153 -0.999175 -0.0406169 -0.998003 -0.0631647 0
596 153 -0.999175 -0.0406169 -0.998003 -0.0631647 0
596 153 -0.999175 -0.0406169 -0.998003 -0.0631647 0
596 153 -0.999175 -0.0406169 -0.998003 -0.0631647 0
596 153 -0.999175 -0.0406169 -0.998003 -0.0631647 0
596 153 -0.999175 -0.0406169 -0.998003 -0.0631647 0
596 153 -0.999175 -0.0406169 -0.998003 -0.0631647 0
596 153 -0.999175 -0.0406169 -0.998003 -0.0631647 0
596 153 -0.999175 -0.0406169 -0.998003 -0.0631647 0
596 153 -0.999175 -0.0406169 -0.998003 -0.0631647 0
596 154 -0.999175 -0.0406169 -0.998003 -0.0631647 0
596 154 -0.999175 -0.0406169 -0.997952 -0.0639713 0
596 155 -0.999175 -0.0406169 -0.998003 -0.0631647 1.06379
596 156 -0.999175 -0.0406169 -0.998003 -0.0631647 0
596 156 -0.999175 -0.0406169 -0.998688 -0.0512148 0
597 157 -0.999161 -0.0409492 -0.998003 -0.0631647 0
597 158 -0.999161 -0.0409492 -0.998688 -0.0512148 0
598 159 -0.999147 -0.0412871 -0.998003 -0.0631647 0
598 161 -0.999147 -0.0412871 -0.997952 -0.0639713 0
598 163 -0.999147 -0.0412871 -0.997952 -0.0639713 0
598 165 -0.999147 -0.0412871 -0.997952 -0.0639713 1.06379
599 168 -0.999133 -0.0416305 -0.997952 -0.0639713 0
603 162 -0.999406 -0.0344623 -0.998003 -0.0631647 0
604 165 -0.999396 -0.0347616 -0.998721 -0.0505681 0
614 154 -0.999275 -0.0380676 -0.998653 -0.0518781 0
615 158 -0.999584 -0.0288342 -0.997952 -0.0639713 0
615 160 -0.999584 -0.0288342 -0.997898 -0.0647986 0
616 163 -0.999247 -0.0388057 -0.998688 -0.0512148 0
616 167 -0.999576 -0.0291139 -0.997898 -0.0647986 0
619 176 -0.99955 -0.0299865 -0.997952 -0.0639713 0
620 182 -0.999541 -0.0302891 -0.997898 -0.0647986 0
595 181 -0.99948 -0.0322413 -0.997725 -0.0674139 0
595 181 -0.99948 -0.0322413 -0.997725 -0.0674139 0
596 182 -0.999472 -0.0325031 -0.997785 -0.066519 0
596 185 -0.999472 -0.0325031 -0.998581 -0.0532576 0.0360627
596 188 -0.999472 -0.0325031 -0.998542 -0.0539753 0
597 191 -0.999463 -0.0327693 -0.997725 -0.0674139 0.117301
598 194 -0.999454 -0.0330398 -0.997785 -0.066519 0.271877
598 197 -0.999454 -0.0330398 -0.997725 -0.0674139 0.0360627
598 200 -0.999454 -0.0330398 -0.997725 -0.0674139 0.372501
598 203 -0.999693 -0.0247858 -0.997725 -0.0674139 0.0921617
598 206 -0.999693 -0.0247858 -0.996729 -0.0808159 0.0360627
609 223 -0.99934 -0.0363396 -0.996729 -0.0808159 0.372501
609 226 -0.99934 -0.0363396 -0.996639 -0.0819155 0.372501
609 228 -0.99934 -0.0363396 -0.996639 -0.0819155 0.372501
609 231 -0.99934 -0.0363396 -0.995434 -0.0954526 0
609 234 -0.99934 -0.0363396 -0.996639 -0.0819155 0.493941
609 237 -0.99934 -0.0363396 -0.996729 -0.0808159 0.0921617
609 239 -0.99934 -0.0363396 -0.996729 -0.0808159 0.372501
609 242 -0.99934 -0.0363396 -0.996729 -0.0808159 0.0921617
609 244 -0.99934 -0.0363396 -0.996639 -0.0819155 0.0921617
609 246 -0.99934 -0.0363396 -0.996639 -0.0819155 0.493941
609 249 -0.99934 -0.0363396 -0.995556 -0.0941742 0
608 251 -0.999351 -0.0360127 -0.996639 -0.0819155 0.0921617
608 253 -0.999351 -0.0360127 -0.996729 -0.0808159 0.0921617
608 255 -0.999351 -0.0360127 -0.996729 -0.0808159 0.0921617
608 257 -0.999351 -0.0360127 -0.996729 -0.0808159 0.0921617
607 259 -0.999641 -0.0267761 -0.995556 -0.0941742 0.0921617
607 260 -0.999363 -0.0356915 -0.996815 -0.0797452 0.372501
606 261 -0.999374 -0.0353761 -0.996729 -0.0808159 0
606 263 -0.999374 -0.0353761 -0.996729 -0.0808159 0
605 264 -0.999385 -0.0350661 -0.996729 -0.0808159 0.213612
604 266 -0.999396 -0.0347616 -0.996729 -0.0808159 0
604 268 -0.99966 -0.0260781 -0.995556 -0.0941742 1.48951
603 270 -0.999666 -0.0258534 -0.995556 -0.0941742 0
599 272 -0.999688 -0.0249922 -0.995673 -0.0929295 1.6745
598 274 -0.999454 -0.0330398 -0.996815 -0.0797452 0
598 276 -0.999454 -0.0330398 -0.996815 -0.0797452 0
596 279 -0.999703 -0.024383 -0.995673 -0.0929295 0
596 281 -0.999703 -0.024383 -0.995673 -0.0929295 0.213612
594 283 -0.999712 -0.0239931 -0.996815 -0.0797452 0
594 285 -0.999712 -0.0239931 -0.995673 -0.0929295 1.79596
593 287 -0.999717 -0.0238028 -0.995785 -0.091717 0.213612
592 289 -0.999721 -0.0236155 -0.995673 -0.0929295 0
591 291 -0.999725 -0.0234311 -0.995785 -0.091717 1.48951
586 293 -0.999746 -0.0225507 -0.995673 -0.0929295 0.300938
585 295 -0.999749 -0.0223824 -0.995785 -0.091717 0
584 297 -0.999753 -0.0222167 -0.995785 -0.091717 0
583 299 -0.999757 -0.0220535 -0.995785 -0.091717 0
581 301 -0.999764 -0.021734 -0.996898 -0.0787025 0
580 303 -0.999767 -0.0215777 -0.996898 -0.0787025 0
579 305 -0.999771 -0.0214237 -0.996898 -0.0787025 0
574 307 -0.999786 -0.0206852 -0.996978 -0.0776866 0
577 309 -0.999901 -0.0140831 -0.996978 -0.0776866 0
571 310 -0.999795 -0.0202661 -0.996978 -0.0776866 0
570 310 -0.999797 -0.0201302 -0.997898 -0.0647986 0.147461
568 311 -0.999803 -0.0198636 -0.996978 -0.0776866 1.31445
566 311 -0.999808 -0.0196041 -0.997952 -0.0639713 0
564 311 -0.999813 -0.0193512 -0.997952 -0.0639713 0
563 312 -0.999815 -0.0192272 -0.997054 -0.0766965 0.147461
561 312 -0.99982 -0.0189839 -0.997054 -0.0766965 0
559 312 -0.999824 -0.0187467 -0.997128 -0.0757313 1.31445
553 321 -0.99971 -0.0240894 -0.997054 -0.0766965 1.51978
552 321 -0.999713 -0.0239452 -0.997054 -0.0766965 0
550 321 -0.99972 -0.023662 -0.997054 -0.0766965 0.147461
548 321 -0.999726 -0.0233854 -0.997054 -0.0766965 1.34446
547 321 -0.99973 -0.0232495 -0.997128 -0.0757313 1.34446
546 321 -0.999733 -0.0231152 -0.997128 -0.0757313 1.48985
544 320 -0.999592 -0.0285598 -0.998003 -0.0631647 1.48985
543 320 -0.999597 -0.0283976 -0.997128 -0.0757313 1.31445
543 320 -0.999597 -0.0283976 -0.997199 -0.0747899 0
542 320 -0.999745 -0.0225931 -0.997128 -0.0757313 1.17803
542 319 -0.999601 -0.0282373 -0.998053 -0.0623783 1.34446
542 319 -0.999601 -0.0282373 -0.998053 -0.0623783 1.34446
542 319 -0.999601 -0.0282373 -0.998053 -0.0623783 1.34446
535 320 -0.999631 -0.0271639 -0.997128 -0.0757313 0
535 320 -0.999631 -0.0271639 -0.997128 -0.0757313 0
535 320 -0.999631 -0.0271639 -0.997128 -0.0757313 0
535 320 -0.999631 -0.0271639 -0.997128 -0.0757313 0
535 320 -0.999631 -0.0271639 -0.997128 -0.0757313 0
535 320 -0.999631 -0.0271639 -0.997128 -0.0757313 0
535 320 -0.999631 -0.0271639 -0.997128 -0.0757313 0
535 320 -0.999631 -0.0271639 -0.997128 -0.0757313 0
535 320 -0.999631 -0.0271639 -0.997128 -0.0757313 0
535 320 -0.999631 -0.0271639 -0.997128 -0.0757313 0
535 320 -0.999631 -0.0271639 -0.997128 -0.0757313 0
535 320 -0.999631 -0.0271639 -0.997128 -0.0757313 0
535 320 -0.999631 -0.0271639 -0.997128 -0.0757313 0
535 320 -0.999631 -0.0271639 -0.997128 -0.0757313 0
535 320 -0.999631 -0.0271639 -0.997128 -0.0757313 1.31445
535 320 -0.999469 -0.0325914 -0.998003 -0.0631647 1.34446
536 321 -0.999627 -0.0273122 -0.997128 -0.0757313 0.00249338
536 321 -0.999627 -0.0273122 -0.997128 -0.0757313 0
536 321 -0.999627 -0.0273122 -0.997054 -0.0766965 2.91135
536 321 -0.999627 -0.0273122 -0.998003 -0.0631647 1.34446
536 321 -0.999627 -0.0273122 -0.997952 -0.0639713 1.17803
536 321 -0.999627 -0.0273122 -0.997054 -0.0766965 1.42398
537 321 -0.999623 -0.0274622 -0.997128 -0.0757313 0
537 320 -0.999623 -0.0274622 -0.998003 -0.0631647 1.34446
537 320 -0.999623 -0.0274622 -0.997054 -0.0766965 0
537 319 -0.999623 -0.0274622 -0.997054 -0.0766965 2.8018
538 319 -0.999619 -0.0276138 -0.997128 -0.0757313 0
538 318 -0.999619 -0.0276138 -0.997054 -0.0766965 0
536 324 -0.999627 -0.0273122 -0.997898 -0.0647986 0
536 324 -0.999627 -0.0273122 -0.996898 -0.0787025 0.147461
536 323 -0.999761 -0.0218527 -0.996898 -0.0787025 0.147461
537 321 -0.999623 -0.0274622 -0.997898 -0.0647986 0
538 320 -0.999619 -0.0276138 -0.997898 -0.0647986 0
538 319 -0.999619 -0.0276138 -0.997843 -0.0656476 0.300938
539 318 -0.999614 -0.0277671 -0.996898 -0.0787025 1.48951
539 317 -0.999614 -0.0277671 -0.996898 -0.0787025 0
539 315 -0.999445 -0.0333148 -0.997843 -0.0656476 0.139766
540 314 -0.999439 -0.0335007 -0.997843 -0.0656476 0.139766
541 313 -0.999432 -0.0336887 -0.997843 -0.0656476 0.139766
541 312 -0.999432 -0.0336887 -0.997843 -0.0656476 0.139766
542 311 -0.999426 -0.0338788 -0.997785 -0.066519 1.48951
543 310 -0.999419 -0.0340711 -0.997785 -0.066519 1.48951
544 310 -0.999592 -0.0285598 -0.996815 -0.0797452 0.0921617
545 309 -0.999587 -0.0287238 -0.996815 -0.0797452 1.48951
546 308 -0.999583 -0.0288897 -0.997785 -0.066519 1.6745
551 308 -0.999557 -0.0297487 -0.997725 -0.0674139 0
548 307 -0.999573 -0.0292273 -0.997785 -0.066519 1.6745
549 306 -0.999378 -0.0352722 -0.997725 -0.0674139 0.213612
554 306 -0.999541 -0.0302891 -0.997725 -0.0674139 1.48951
555 306 -0.999536 -0.0304736 -0.996729 -0.0808159 0
555 306 -0.999536 -0.0304736 -0.997725 -0.0674139 0.213612
556 305 -0.99953 -0.0306604 -0.997785 -0.066519 1.6745
557 305 -0.999524 -0.0308495 -0.997785 -0.066519 0
558 300 -0.999691 -0.0248371 -0.997843 -0.0656476 0
558 300 -0.999691 -0.0248371 -0.996898 -0.0787025 0
558 300 -0.999691 -0.0248371 -0.996898 -0.0787025 1.48951
559 299 -0.999512 -0.0312348 -0.997843 -0.0656476 0
560 299 -0.999684 -0.0251493 -0.996978 -0.0776866 0
564 299 -0.999667 -0.0257979 -0.996898 -0.0787025 1.48951
565 298 -0.999473 -0.0324504 -0.997898 -0.0647986 0
565 298 -0.999663 -0.0259653 -0.996898 -0.0787025 0
566 297 -0.999466 -0.0326623 -0.997843 -0.0656476 0
566 297 -0.999658 -0.0261349 -0.996898 -0.0787025 0.147461
566 296 -0.999466 -0.0326623 -0.996898 -0.0787025 0
567 295 -0.999654 -0.0263067 -0.996898 -0.0787025 1.60483
568 294 -0.999649 -0.0264808 -0.996898 -0.0787025 0
568 292 -0.999452 -0.0330944 -0.996898 -0.0787025 0.328884
569 290 -0.999445 -0.0333148 -0.997898 -0.0647986 0.300938
569 289 -0.999445 -0.0333148 -0.996898 -0.0787025 0
570 288 -0.99964 -0.026836 -0.996898 -0.0787025 0
570 286 -0.999438 -0.0335382 -0.996898 -0.0787025 0
571 285 -0.99943 -0.0337645 -0.996898 -0.0787025 0
571 284 -0.99943 -0.0337645 -0.996815 -0.0797452 1.48951
572 283 -0.99963 -0.0272008 -0.996815 -0.0797452 0.453916
572 282 -0.99963 -0.0272008 -0.995785 -0.091717 0.213612
573 280 -0.999414 -0.0342265 -0.996898 -0.0787025 0
574 279 -0.999406 -0.0344623 -0.996898 -0.0787025 1.48951
574 278 -0.999406 -0.0344623 -0.996815 -0.0797452 0.139766
575 276 -0.999398 -0.0347013 -0.996898 -0.0787025 0.0921617
576 275 -0.999389 -0.0349437 -0.996815 -0.0797452 0.213612
576 274 -0.999389 -0.0349437 -0.996815 -0.0797452 0
577 273 -0.999381 -0.0351895 -0.996815 -0.0797452 0
578 272 -0.999372 -0.0354387 -0.996815 -0.0797452 0
583 272 -0.999568 -0.0293991 -0.996815 -0.0797452 0
583 271 -0.999568 -0.0293991 -0.995673 -0.0929295 0.0921617
583 271 -0.999568 -0.0293991 -0.996729 -0.0808159 0.213612
584 270 -0.999561 -0.0296166 -0.996729 -0.0808159 0
585 269 -0.999555 -0.0298375 -0.996729 -0.0808159 0
585 268 -0.999555 -0.0298375 -0.996729 -0.0808159 0
586 267 -0.999548 -0.0300616 -0.996729 -0.0808159 0
587 266 -0.999541 -0.0302891 -0.996729 -0.0808159 0
587 265 -0.999541 -0.0302891 -0.996729 -0.0808159 0.213612
588 264 -0.999534 -0.0305201 -0.995556 -0.0941742 0.0921617
588 262 -0.999534 -0.0305201 -0.996729 -0.0808159 0.0921617
589 261 -0.999527 -0.0307547 -0.995434 -0.0954526 1.71481
594 259 -0.999488 -0.0319836 -0.996729 -0.0808159 0
595 258 -0.99948 -0.0322413 -0.996729 -0.0808159 0.0921617
592 257 -0.999504 -0.0314805 -0.995556 -0.0941742 0.0360627
596 256 -0.999472 -0.0325031 -0.995434 -0.0954526 0.0921617
596 255 -0.999472 -0.0325031 -0.995434 -0.0954526 0.213612
597 254 -0.999463 -0.0327693 -0.995556 -0.0941742 0.0921617
597 252 -0.999463 -0.0327693 -0.996639 -0.0819155 0.0921617
598 251 -0.999147 -0.0412871 -0.996639 -0.0819155 0.0921617
598 250 -0.999147 -0.0412871 -0.996639 -0.0819155 0.0921617
598 249 -0.999147 -0.0412871 -0.996639 -0.0819155 0.0921617
599 248 -0.999133 -0.0416305 -0.996639 -0.0819155 0.0921617
599 247 -0.999133 -0.0416305 -0.996639 -0.0819155 0.0921617
599 247 -0.999445 -0.0333148 -0.995434 -0.0954526 0.0921617
599 246 -0.999445 -0.0333148 -0.995307 -0.096766 0.0921617
600 245 -0.999435 -0.0335945 -0.995434 -0.0954526 0.0921617
601 244 -0.999426 -0.0338788 -0.995434 -0.0954526 0.0921617
601 242 -0.999103 -0.0423349 -0.996546 -0.0830455 0.0921617
601 241 -0.999426 -0.0338788 -0.996546 -0.0830455 0.0921617
602 240 -0.999416 -0.0341681 -0.995307 -0.096766 0
603 238 -0.999072 -0.0430635 -0.996546 -0.0830455 0.0921617
607 237 -0.999363 -0.0356915 -0.995307 -0.096766 0.0360627
608 236 -0.999351 -0.0360127 -0.995307 -0.096766 0
605 235 -0.999385 -0.0350661 -0.995307 -0.096766 0
608 234 -0.999351 -0.0360127 -0.995175 -0.0981158 0.213612
609 233 -0.99934 -0.0363396 -0.995307 -0.096766 0.0921617
609 232 -0.99934 -0.0363396 -0.995307 -0.096766 0.0921617
610 231 -0.999327 -0.0366726 -0.995307 -0.096766 0
610 230 -0.999327 -0.0366726 -0.995175 -0.0981158 0
611 229 -0.999315 -0.0370117 -0.995307 -0.096766 0.0360627
611 228 -0.999315 -0.0370117 -0.995307 -0.096766 0.0360627
612 227 -0.999302 -0.0373571 -0.995307 -0.096766 0.0360627
612 226 -0.999302 -0.0373571 -0.995175 -0.0981158 0.0360627
618 219 -0.998777 -0.0494444 -0.996448 -0.0842069 0.0921617
618 219 -0.998777 -0.0494444 -0.996448 -0.0842069 0.0921617
618 219 -0.998777 -0.0494444 -0.996448 -0.0842069 0.0921617
618 219 -0.998777 -0.0494444 -0.996448 -0.0842069 0.0921617
618 219 -0.998777 -0.0494444 -0.996448 -0.0842069 0.0921617
619 219 -0.999201 -0.039968 -0.995307 -0.096766 0
619 218 -0.999201 -0.039968 -0.995175 -0.0981158 0.0921617
620 216 -0.998727 -0.0504408 -0.996448 -0.0842069 0
620 215 -0.998727 -0.0504408 -0.995307 -0.096766 0.186028
620 214 -0.998727 -0.0504408 -0.995175 -0.0981158 0.186028
621 214 -0.999168 -0.0407824 -0.995175 -0.0981158 0.0921617
621 213 -0.999168 -0.0407824 -0.995175 -0.0981158 0
621 212 -0.998701 -0.0509541 -0.995175 -0.0981158 0.271877
621 212 -0.999168 -0.0407824 -0.995175 -0.0981158 0.244301
622 211 -0.998674 -0.051478 -0.995175 -0.0981158 0.0360627
622 211 -0.999151 -0.0412021 -0.995175 -0.0981158 0.244301
622 210 -0.998674 -0.051478 -0.995175 -0.0981158 0.186028
623 210 -0.999133 -0.0416305 -0.995175 -0.0981158 0.0921617
623 209 -0.998646 -0.0520128 -0.995175 -0.0981158 0.186028
623 209 -0.999133 -0.0416305 -0.995175 -0.0981158 0.372501
626 208 -0.998558 -0.0536859 -0.995175 -0.0981158 0
626 207 -0.998558 -0.0536859 -0.996347 -0.0854011 0
627 207 -0.999056 -0.0434372 -0.995175 -0.0981158 0
627 206 -0.998526 -0.0542677 -0.995175 -0.0981158 0.186028
627 206 -0.999056 -0.0434372 -0.995175 -0.0981158 0
627 205 -0.998526 -0.0542677 -0.995175 -0.0981158 0.186028
627 205 -0.999056 -0.0434372 -0.995037 -0.0995037 0.0921617
628 204 -0.998494 -0.0548623 -0.995175 -0.0981158 0.186028
628 204 -0.999035 -0.0439136 -0.995175 -0.0981158 0.244301
628 203 -0.998494 -0.0548623 -0.995037 -0.0995037 0.186028
629 203 -0.999014 -0.0444006 -0.995175 -0.0981158 0
629 202 -0.99846 -0.05547 -0.995175 -0.0981158 0.186028
629 202 -0.99846 -0.05547 -0.995175 -0.0981158 0
629 202 -0.999014 -0.0444006 -0.995175 -0.0981158 0.244301
628 201 -0.998494 -0.0548623 -0.995037 -0.0995037 0.186028
628 201 -0.999035 -0.0439136 -0.995175 -0.0981158 0.244301
628 200 -0.998494 -0.0548623 -0.995175 -0.0981158 0
627 199 -0.998526 -0.0542677 -0.995175 -0.0981158 0.186028
627 198 -0.998526 -0.0542677 -0.995037 -0.0995037 0.271877
626 198 -0.999076 -0.042971 -0.995037 -0.0995037 0
623 196 -0.998646 -0.0520128 -0.995037 -0.0995037 0.271877
623 195 -0.998646 -0.0520128 -0.995175 -0.0981158 0
621 193 -0.998701 -0.0509541 -0.995175 -0.0981158 0.186028
621 192 -0.998701 -0.0509541 -0.995175 -0.0981158 0.0921617
620 190 -0.998727 -0.0504408 -0.996448 -0.0842069 0
618 188 -0.998777 -0.0494444 -0.995175 -0.0981158 0.0360627
613 185 -0.998889 -0.0471174 -0.995175 -0.0981158 0.186028
612 183 -0.99891 -0.046678 -0.995175 -0.0981158 0
611 181 -0.99893 -0.0462468 -0.996546 -0.0830455 0
609 179 -0.998969 -0.0454077 -0.996448 -0.0842069 0.0360627
607 177 -0.999005 -0.0445984 -0.996448 -0.0842069 0.0360627
602 175 -0.998688 -0.0512148 -0.996546 -0.0830455 0
600 173 -0.998731 -0.0503562 -0.996448 -0.0842069 0.0360627
598 172 -0.998773 -0.0495259 -0.996448 -0.0842069 0
593 170 -0.998868 -0.0475651 -0.997597 -0.0692776 0.0360627
592 169 -0.998886 -0.0471915 -0.996546 -0.0830455 0
590 168 -0.99892 -0.0464614 -0.996448 -0.0842069 0.161677
588 167 -0.998953 -0.0457536 -0.996448 -0.0842069 0
588 166 -0.998953 -0.0457536 -0.996546 -0.0830455 0
587 165 -0.998969 -0.0454077 -0.996546 -0.0830455 0
604 164 -0.998642 -0.052103 -0.997725 -0.0674139 0
603 164 -0.999072 -0.0430635 -0.996729 -0.0808159 0
602 163 -0.998688 -0.0512148 -0.996639 -0.0819155 0.0123534
598 162 -0.998773 -0.0495259 -0.997725 -0.0674139 0
597 161 -0.998358 -0.0572828 -0.997725 -0.0674139 0
596 161 -0.998812 -0.0487226 -0.996729 -0.0808159 0
595 160 -0.998831 -0.0483306 -0.996729 -0.0808159 0
594 159 -0.99885 -0.0479448 -0.996729 -0.0808159 0
592 158 -0.998484 -0.0550346 -0.996729 -0.0808159 1.62268
591 157 -0.998508 -0.0546059 -0.997725 -0.0674139 0
587 157 -0.998969 -0.0454077 -0.996729 -0.0808159 0
585 156 -0.998638 -0.0521677 -0.996729 -0.0808159 0
584 155 -0.998658 -0.0517823 -0.996729 -0.0808159 0
583 154 -0.998678 -0.0514025 -0.997725 -0.0674139 0
581 153 -0.998716 -0.0506595 -0.997725 -0.0674139 0
581 153 -0.998716 -0.0506595 -0.996729 -0.0808159 0
579 152 -0.998752 -0.0499376 -0.997725 -0.0674139 0
579 152 -0.998752 -0.0499376 -0.997725 -0.0674139 0
574 151 -0.998481 -0.0550886 -0.997785 -0.066519 0
573 151 -0.998502 -0.0547124 -0.997725 -0.0674139 0
572 151 -0.998868 -0.0475652 -0.997725 -0.0674139 0
572 151 -0.998868 -0.0475652 -0.996729 -0.0808159 0
571 150 -0.998542 -0.0539753 -0.997725 -0.0674139 0
570 150 -0.998562 -0.0536141 -0.997785 -0.066519 0
559 145 -0.999044 -0.0437082 -0.997725 -0.0674139 0
558 145 -0.999056 -0.0434372 -0.997725 -0.0674139 0
558 145 -0.999056 -0.0434372 -0.997725 -0.0674139 0
620 120 -0.998727 -0.0504408 -0.997459 -0.071247 1.28326
620 120 -0.998169 -0.0604951 -0.997459 -0.071247 1.28326
619 120 -0.998205 -0.0598923 -0.997459 -0.071247 1.28326
618 120 -0.99824 -0.0593014 -0.997459 -0.071247 1.36458
615 120 -0.998846 -0.0480215 -0.997529 -0.0702486 1.46056
614 120 -0.998868 -0.0475651 -0.997459 -0.071247 1.28326
614 120 -0.998868 -0.0475651 -0.997459 -0.071247 2.9119
614 120 -0.998868 -0.0475651 -0.997459 -0.071247 2.9119
524 141 -0.997164 -0.0752577 -0.99535 -0.0963242 2.44632
520 141 -0.997301 -0.0734209 -0.99535 -0.0963242 2.21222
520 140 -0.996835 -0.0795022 -0.996764 -0.0803842 2.21222
520 140 -0.996835 -0.0795022 -0.996764 -0.0803842 2.21222
523 141 -0.997164 -0.0752577 -0.996764 -0.0803842 2.21222
519 140 -0.996835 -0.0795022 -0.996764 -0.0803842 2.21222
519 140 -0.996835 -0.0795022 -0.996764 -0.0803842 2.21222
518 140 -0.996835 -0.0795022 -0.996764 -0.0803842 2.21222
518 140 -0.996835 -0.0795022 -0.996764 -0.0803842 2.21222
517 140 -0.996835 -0.0795022 -0.996764 -0.0803842 2.21222
516 140 -0.997334 -0.0729756 -0.99535 -0.0963242 2.28236
519 140 -0.997199 -0.0747899 -0.99535 -0.0963242 4.17884
518 140 -0.997199 -0.0747899 -0.99535 -0.0963242 2.44632
513 140 -0.997334 -0.0729756 -0.99535 -0.0963242 2.21222
512 140 -0.997334 -0.0729756 -0.99535 -0.0963242 2.21222
514 140 -0.997199 -0.0747899 -0.99535 -0.0963242 2.18056
509 140 -0.997334 -0.0729756 -0.996764 -0.0803842 2.21222
511 141 -0.997199 -0.0747899 -0.996764 -0.0803842 3.894
506 141 -0.996873 -0.0790204 -0.996865 -0.0791163 2.21222
504 142 -0.997334 -0.0729756 -0.996865 -0.0791163 2.26326
505 143 -0.997199 -0.0747899 -0.996764 -0.0803842 2.18056
499 143 -0.997334 -0.0729756 -0.996764 -0.0803842 3.894
497 144 -0.997334 -0.0729756 -0.996764 -0.0803842 2.21222
495 145 -0.997301 -0.0734209 -0.996764 -0.0803842 2.21222
493 145 -0.996873 -0.0790204 -0.997925 -0.0643823 2.21222
