521 289 -0.907959 0.419058 -0.947145 0.320807 3.75971
521 289 -0.907959 0.419058 -0.947145 0.320807 3.75971
521 289 -0.907959 0.419058 -0.947145 0.320807 5.28308
521 289 -0.907959 0.419058 -0.947145 0.320807 3.75971
521 289 -0.907959 0.419058 -0.947145 0.320807 3.75971
521 289 -0.907959 0.419058 -0.947145 0.320807 3.56415
521 289 -0.907959 0.419058 -0.947145 0.320807 3.56415
521 289 -0.907959 0.419058 -0.947145 0.320807 3.75971
521 289 -0.907959 0.419058 -0.947145 0.320807 3.75971
521 289 -0.907959 0.419058 -0.947145 0.320807 3.56415
521 289 -0.907959 0.419058 -0.947145 0.320807 3.56415
521 289 -0.907959 0.419058 -0.947145 0.320807 3.75971
521 289 -0.907959 0.419058 -0.947145 0.320807 3.75971
521 289 -0.907959 0.419058 -0.947145 0.320807 3.75971
521 289 -0.907959 0.419058 -0.947145 0.320807 3.56415
521 289 -0.907959 0.419058 -0.947145 0.320807 3.75971
521 289 -0.907959 0.419058 -0.947145 0.320807 3.75971
521 289 -0.907959 0.419058 -0.947145 0.320807 3.56415
521 289 -0.907959 0.419058 -0.947145 0.320807 3.56415
521 289 -0.907959 0.419058 -0.947145 0.320807 3.75971
521 289 -0.907959 0.419058 -0.947145 0.320807 3.75971
521 289 -0.907959 0.419058 -0.947145 0.320807 3.56415
521 289 -0.907959 0.419058 -0.947145 0.320807 3.56415
521 289 -0.907959 0.419058 -0.947145 0.320807 3.75971
521 289 -0.907959 0.419058 -0.947145 0.320807 3.75971
521 289 -0.907959 0.419058 -0.947145 0.320807 3.56415
521 289 -0.907959 0.419058 -0.947145 0.320807 3.75971
521 289 -0.907959 0.419058 -0.947145 0.320807 3.75971
521 289 -0.907959 0.419058 -0.947145 0.320807 3.56415
521 289 -0.907959 0.419058 -0.947145 0.320807 3.56415
521 289 -0.907959 0.419058 -0.947145 0.320807 3.75971
521 289 -0.907959 0.419058 -0.947145 0.320807 3.75971
521 289 -0.907959 0.419058 -0.947145 0.320807 3.56415
521 289 -0.907959 0.419058 -0.947145 0.320807 3.75971
521 289 -0.907959 0.419058 -0.947145 0.320807 3.56415
521 289 -0.907959 0.419058 -0.947145 0.320807 3.75971
521 289 -0.907959 0.419058 -0.947145 0.320807 3.56415
521 289 -0.907959 0.419058 -0.947145 0.320807 3.56415
521 289 -0.907959 0.419058 -0.947145 0.320807 3.56415
521 289 -0.907959 0.419058 -0.947145 0.320807 3.75971
521 289 -0.907959 0.419058 -0.947145 0.320807 3.56415
521 289 -0.907959 0.419058 -0.947145 0.320807 3.56415
521 289 -0.907959 0.419058 -0.947145 0.320807 3.56415
521 289 -0.907959 0.419058 -0.947145 0.320807 3.75971
521 289 -0.907959 0.419058 -0.947145 0.320807 3.56415
521 289 -0.907959 0.419058 -0.947145 0.320807 3.56415
521 289 -0.907959 0.419058 -0.947145 0.320807 3.56415
521 289 -0.907959 0.419058 -0.947145 0.320807 3.75971
521 289 -0.907959 0.419058 -0.947145 0.320807 3.56415
521 289 -0.907959 0.419058 -0.947145 0.320807 3.56415
521 289 -0.907959 0.419058 -0.947145 0.320807 3.75971
521 289 -0.907959 0.419058 -0.947145 0.320807 3.75971
521 289 -0.907959 0.419058 -0.947145 0.320807 3.75971
521 289 -0.907959 0.419058 -0.947145 0.320807 3.56415
521 289 -0.907959 0.419058 -0.947145 0.320807 3.75971
521 289 -0.907959 0.419058 -0.947145 0.320807 3.56415
521 289 -0.907959 0.419058 -0.947145 0.320807 3.56415
521 289 -0.907959 0.419058 -0.947145 0.320807 3.56415
521 289 -0.907959 0.419058 -0.947145 0.320807 3.56415
521 289 -0.907959 0.419058 -0.947145 0.320807 3.75971
521 289 -0.907959 0.419058 -0.947145 0.320807 3.56415
521 289 -0.907959 0.419058 -0.947145 0.320807 3.56415
521 289 -0.907959 0.419058 -0.947145 0.320807 3.56415
521 289 -0.907959 0.419058 -0.947145 0.320807 3.56415
521 289 -0.907959 0.419058 -0.947145 0.320807 3.75971
521 289 -0.907959 0.419058 -0.947145 0.320807 3.75971
521 289 -0.907959 0.419058 -0.947145 0.320807 3.56415
521 289 -0.907959 0.419058 -0.947145 0.320807 3.56415
521 289 -0.907959 0.419058 -0.947145 0.320807 3.56415
521 289 -0.907959 0.419058 -0.947145 0.320807 3.75971
521 289 -0.907959 0.419058 -0.947145 0.320807 5.28308
521 289 -0.907959 0.419058 -0.947145 0.320807 3.75971
521 289 -0.907959 0.419058 -0.947145 0.320807 3.56415
521 289 -0.907959 0.419058 -0.947145 0.320807 3.56415
521 289 -0.907959 0.419058 -0.947145 0.320807 3.56415
521 289 -0.907959 0.419058 -0.947145 0.320807 3.56415
521 289 -0.907959 0.419058 -0.947145 0.320807 3.75971
521 289 -0.907959 0.419058 -0.947145 0.320807 3.56415
521 289 -0.907959 0.419058 -0.947145 0.320807 3.75971
521 289 -0.907959 0.419058 -0.947145 0.320807 3.56415
521 289 -0.907959 0.419058 -0.947145 0.320807 3.75971
521 289 -0.907959 0.419058 -0.947145 0.320807 3.56415
521 289 -0.907959 0.419058 -0.947145 0.320807 3.75971
521 289 -0.907959 0.419058 -0.947145 0.320807 3.75971
521 289 -0.907959 0.419058 -0.947145 0.320807 3.75971
521 289 -0.907959 0.419058 -0.947145 0.320807 3.75971
521 289 -0.907959 0.419058 -0.947145 0.320807 3.75971
521 289 -0.907959 0.419058 -0.947145 0.320807 3.75971
521 289 -0.907959 0.419058 -0.947145 0.320807 3.75971
521 289 -0.907959 0.419058 -0.947145 0.320807 3.56415
521 289 -0.907959 0.419058 -0.947145 0.320807 3.56415
521 289 -0.907959 0.419058 -0.947145 0.320807 3.75971
521 289 -0.907959 0.419058 -0.947145 0.320807 3.56415
521 289 -0.907959 0.419058 -0.947145 0.320807 3.56415
521 289 -0.907959 0.419058 -0.947145 0.320807 3.75971
521 289 -0.907959 0.419058 -0.947145 0.320807 3.75971
521 289 -0.907959 0.419058 -0.947145 0.320807 3.56415
521 289 -0.907959 0.419058 -0.947145 0.320807 3.56415
521 289 -0.907959 0.419058 -0.947145 0.320807 3.56415
521 288 -0.909157 0.416453 -0.948683 0.316228 47.6274
520 288 -0.907959 0.419058 -0.947145 0.320807 65.2132
519 288 -0.909157 0.416453 -0.951709 0.307003 74.7146
518 288 -0.909157 0.416453 -0.947145 0.320807 49.6253
517 290 -0.910367 0.413803 -0.951709 0.307003 8.79307
517 291 -0.908132 0.418684 -0.951709 0.307003 3.8159
516 292 -0.910367 0.413803 -0.95023 0.311551 5.28308
516 294 -0.90709 0.420937 -0.956112 0.293002 5.02537
515 295 -0.910367 0.413803 -0.95023 0.311551 5.28406
515 296 -0.908132 0.418684 -0.954758 0.297384 3.41636
515 297 -0.909346 0.416041 -0.956112 0.293002 3.09629
514 297 -0.910367 0.413803 -0.951709 0.307003 3.09629
514 297 -0.910367 0.413803 -0.951709 0.307003 5.07435
514 298 -0.908132 0.418684 -0.956112 0.293002 2.66048
514 298 -0.90709 0.420937 -0.957407 0.288742 3.2267
513 298 -0.910367 0.413803 -0.956112 0.293002 4.24608
514 298 -0.908132 0.418684 -0.957407 0.288742 4.602
515 298 -0.908132 0.418684 -0.962651 0.270746 2.42201
516 297 -0.909157 0.416453 -0.962651 0.270746 3.77707
517 296 -0.907959 0.419058 -0.962651 0.270746 4.38511
519 295 -0.907959 0.419058 -0.966485 0.256723 3.51844
521 293 -0.907959 0.419058 -0.96373 0.266879 2.46519
521 292 -0.906772 0.42162 -0.966485 0.256723 3.34389
522 290 -0.906772 0.42162 -0.967459 0.253028 2.28007
522 288 -0.909972 0.414671 -0.962651 0.270746 2.29748
523 287 -0.906772 0.42162 -0.967459 0.253028 2.12505
523 286 -0.907791 0.419423 -0.967459 0.253028 2.12505
523 285 -0.907791 0.419423 -0.967459 0.253028 1.6715
524 285 -0.907791 0.419423 -0.971015 0.239019 1.3402
524 284 -0.907791 0.419423 -0.971015 0.239019 1.76617
525 284 -0.906772 0.42162 -0.975133 0.221621 0.294613
525 283 -0.907791 0.419423 -0.974391 0.22486 0
525 282 -0.906772 0.42162 -0.974391 0.22486 0
525 280 -0.905597 0.42414 -0.9769 0.213697 1.02272
526 277 -0.906772 0.42162 -0.974391 0.22486 1.02272
526 274 -0.905738 0.423839 -0.9769 0.213697 0.0921617
526 271 -0.907959 0.419058 -0.9769 0.213697 0.615381
526 268 -0.907959 0.419058 -0.9769 0.213697 0
527 265 -0.907959 0.419058 -0.972806 0.231621 0
526 262 -0.907959 0.419058 -0.972806 0.231621 0
526 260 -0.907959 0.419058 -0.976187 0.21693 0
526 257 -0.906929 0.421283 -0.976187 0.21693 0
526 253 -0.906929 0.421283 -0.972806 0.231621 0
525 249 -0.906929 0.421283 -0.972806 0.231621 0
525 244 -0.905882 0.423529 -0.972806 0.231621 0
524 239 -0.905882 0.423529 -0.972806 0.231621 0
523 234 -0.904819 0.425797 -0.971959 0.235151 0
521 230 -0.904819 0.425797 -0.971959 0.235151 0
519 226 -0.903738 0.428086 -0.971072 0.238788 0
517 222 -0.904954 0.425508 -0.971072 0.238788 0
515 218 -0.904954 0.425508 -0.966235 0.257663 0
513 214 -0.905094 0.425212 -0.962127 0.272603 0
510 212 -0.905094 0.425212 -0.962127 0.272603 0
507 210 -0.903986 0.427561 -0.960907 0.276872 0
504 208 -0.904116 0.427288 -0.960907 0.276872 0
501 207 -0.902976 0.429692 -0.96514 0.261733 0
498 205 -0.905535 0.424272 -0.959629 0.28127 0
496 204 -0.904385 0.426717 -0.962788 0.270256 0
493 203 -0.903215 0.429187 -0.962788 0.270256 0
492 202 -0.90334 0.428924 -0.961524 0.274721 0.0920076
491 200 -0.90334 0.428924 -0.956881 0.290482 2.38411
491 199 -0.902134 0.431455 -0.960195 0.27933 8.11068
492 197 -0.903469 0.428653 -0.953849 0.300286 9.43492
493 195 -0.902247 0.431221 -0.946882 0.321582 11.4004
495 193 -0.903601 0.428374 -0.948683 0.316228 11.53
496 192 -0.903601 0.428374 -0.952215 0.305428 11.53
497 190 -0.903601 0.428374 -0.946882 0.321582 13.7306
497 189 -0.906183 0.422885 -0.944986 0.327111 16.2505
495 190 -0.903469 0.428653 -0.944986 0.327111 15.3441
495 189 -0.903469 0.428653 -0.939265 0.343193 16.0663
498 180 -0.901002 0.433816 -0.939265 0.343193 13.6211
498 180 -0.901002 0.433816 -0.939265 0.343193 7.64592
498 180 -0.901002 0.433816 -0.944986 0.327111 2.68268
498 179 -0.901002 0.433816 -0.937082 0.349109 0
496 181 -0.899657 0.436598 -0.939265 0.343193 0
496 181 -0.898327 0.439328 -0.939265 0.343193 0
499 179 -0.899734 0.436438 -0.944986 0.327111 0
500 179 -0.899734 0.436438 -0.946882 0.321582 0
501 178 -0.901002 0.433816 -0.941339 0.337461 0
503 178 -0.901002 0.433816 -0.948683 0.316228 0
506 178 -0.898384 0.43921 -0.948683 0.316228 0.128737
508 178 -0.898327 0.439328 -0.955403 0.295306 0
511 178 -0.898327 0.439328 -0.955403 0.295306 1.43166
514 177 -0.900814 0.434205 -0.955403 0.295306 5.81203
519 176 -0.900814 0.434205 -0.956881 0.290482 15.2826
523 175 -0.902025 0.431683 -0.956881 0.290482 27.0054
526 175 -0.899508 0.436904 -0.958288 0.285805 29.1145
532 174 -0.899437 0.43705 -0.958288 0.285805 32.193
537 173 -0.899368 0.437193 -0.953583 0.301131 33.1572
547 171 -0.901716 0.432329 -0.953583 0.301131 30.3147
551 170 -0.901716 0.432329 -0.955064 0.296399 31.2538
557 170 -0.900469 0.43492 -0.956477 0.291807 30.2828
560 162 -0.895626 0.444808 -0.951861 0.306531 24.1162
566 161 -0.896806 0.442424 -0.956477 0.291807 18.0727
568 160 -0.897967 0.440063 -0.951861 0.306531 13.9576
573 160 -0.896871 0.442292 -0.953342 0.301892 4.46232
582 159 -0.898327 0.439328 -0.956477 0.291807 0.0796032
583 159 -0.899657 0.436598 -0.951861 0.306531 0.215903
590 159 -0.898568 0.438835 -0.956477 0.291807 0.0796032
593 160 -0.897258 0.441508 -0.953342 0.301892 0.0796032
595 161 -0.897303 0.441415 -0.957826 0.287348 0
600 160 -0.898914 0.438126 -0.953342 0.301892 0.0796032
603 160 -0.900552 0.434749 -0.953342 0.301892 0
606 161 -0.89915 0.43764 -0.953342 0.301892 0
608 161 -0.899235 0.437466 -0.954758 0.297384 0
613 158 -0.901125 0.43356 -0.953342 0.301892 2.96228
616 157 -0.899606 0.436702 -0.95023 0.311551 9.60446
623 153 -0.901816 0.43212 -0.95023 0.311551 13.3174
625 152 -0.898217 0.439553 -0.954758 0.297384 15.7775
630 149 -0.900415 0.435032 -0.95023 0.311551 16.8791
635 145 -0.90286 0.429934 -0.943858 0.33035 18.6149
638 144 -0.901002 0.433816 -0.948683 0.316228 19.0672
643 141 -0.899109 0.437724 -0.943858 0.33035 24.0546
645 139 -0.903986 0.427561 -0.943858 0.33035 25.6236
650 136 -0.897012 0.442006 -0.948683 0.316228 29.1145
651 135 -0.899657 0.436598 -0.948683 0.316228 29.1145
652 133 -0.897089 0.44185 -0.943858 0.33035 31.2538
655 129 -0.905459 0.424434 -0.942103 0.335325 30.3147
657 126 -0.900159 0.435561 -0.943858 0.33035 19.2106
657 126 -0.900159 0.435561 -0.942103 0.335325 11.6144
658 124 -0.903134 0.429359 -0.942103 0.335325 2.12503
659 123 -0.900349 0.435169 -0.947066 0.321039 0
661 121 -0.900552 0.434749 -0.940266 0.340441 0
661 120 -0.900552 0.434749 -0.942103 0.335325 0
661 119 -0.900552 0.434749 -0.942103 0.335325 0
661 117 -0.900552 0.434749 -0.947066 0.321039 0.00691748
661 117 -0.900552 0.434749 -0.942103 0.335325 0
659 116 -0.900349 0.435169 -0.947066 0.321039 0
661 114 -0.900552 0.434749 -0.947066 0.321039 0
662 112 -0.897554 0.440904 -0.948683 0.316228 0
662 111 -0.897554 0.440904 -0.947066 0.321039 0
665 106 -0.907467 0.420124 -0.942103 0.335325 0
666 103 -0.904432 0.426619 -0.947066 0.321039 0.286094
669 98 -0.901523 0.432731 -0.943858 0.33035 4.16718
670 94 -0.898063 0.439867 -0.947066 0.321039 7.72436
672 89 -0.90569 0.42394 -0.947066 0.321039 11.6847
673 83 -0.902134 0.431455 -0.942103 0.335325 18.7495
673 81 -0.902134 0.431455 -0.947066 0.321039 21.8194
673 77 -0.902134 0.431455 -0.948683 0.316228 24.4348
672 73 -0.90569 0.42394 -0.942103 0.335325 25.9638
669 69 -0.901523 0.432731 -0.942103 0.335325 28.4104
669 67 -0.901523 0.432731 -0.948683 0.316228 28.4104
666 64 -0.904432 0.426619 -0.943858 0.33035 24.5264
665 61 -0.901002 0.433816 -0.943858 0.33035 19.943
662 59 -0.897554 0.440904 -0.948683 0.316228 7.29052
661 56 -0.900552 0.434749 -0.943858 0.33035 0.466729
660 54 -0.897449 0.441119 -0.948683 0.316228 0
655 52 -0.899981 0.435928 -0.948683 0.316228 0
655 51 -0.899981 0.435928 -0.943858 0.33035 0
654 50 -0.891667 0.452692 -0.945538 0.325513 0
650 48 -0.897012 0.442006 -0.945538 0.325513 0
647 44 -0.899368 0.437193 -0.945538 0.325513 0
643 44 -0.894427 0.447214 -0.945538 0.325513 0
641 40 -0.894427 0.447214 -0.945538 0.325513 0
636 37 -0.899109 0.437724 -0.940691 0.339265 0
634 33 -0.897089 0.44185 -0.942428 0.33441 0
630 30 -0.894427 0.447214 -0.942428 0.33441 0
628 25 -0.897921 0.440157 -0.942428 0.33441 0
624 19 -0.89899 0.437969 -0.937566 0.347807 0
622 17 -0.899508 0.436904 -0.937566 0.347807 0
619 13 -0.901002 0.433816 -0.937566 0.347807 0
616 10 -0.90286 0.429934 -0.937566 0.347807 0
612 7 -0.916157 0.400819 -0.932568 0.360994 0
608 5 -0.910366 0.413803 -0.932568 0.360994 0
603 3 -0.936329 0.351123 -0.930566 0.366124 0
597 3 -0.936329 0.351123 -0.932568 0.360994 2.67593
591 4 -0.913812 0.406138 -0.930566 0.366124 11.5516
586 4 -0.913812 0.406138 -0.925305 0.379223 17.4854
578 5 -0.923077 0.384615 -0.928477 0.371391 19.2139
573 5 -0.923077 0.384615 -0.920752 0.390149 24.5507
566 6 -0.919145 0.393919 -0.923077 0.384615 28.8515
561 6 -0.907959 0.419058 -0.924017 0.382352 31.6122
553 7 -0.906183 0.422885 -0.924017 0.382352 30.2873
547 7 -0.916157 0.400819 -0.924017 0.382352 16.7638
541 9 -0.903738 0.428086 -0.915788 0.401661 5.09103
536 11 -0.902134 0.431455 -0.921635 0.388057 0
532 14 -0.894427 0.447214 -0.921635 0.388057 0
527 17 -0.894427 0.447214 -0.92502 0.379919 0
523 19 -0.89899 0.437969 -0.92502 0.379919 0
519 21 -0.898567 0.438835 -0.921635 0.388057 0
512 24 -0.898063 0.439867 -0.92735 0.374194 0
507 26 -0.897789 0.440425 -0.932923 0.360076 0
501 28 -0.897554 0.440904 -0.932923 0.360076 0
507 32 -0.907188 0.420725 -0.9436 0.331088 0.819048
500 33 -0.909065 0.416655 -0.948683 0.316228 0
494 33 -0.911219 0.411921 -0.9436 0.331088 0
488 33 -0.911219 0.411921 -0.9436 0.331088 0
482 33 -0.909065 0.416655 -0.948683 0.316228 0
476 33 -0.909065 0.416655 -0.948683 0.316228 0.993289
470 33 -0.909065 0.416655 -0.953583 0.301131 7.17651
465 33 -0.906835 0.421487 -0.953583 0.301131 13.6605
461 33 -0.904526 0.426419 -0.958288 0.285805 16.351
456 32 -0.909474 0.41576 -0.958288 0.285805 20.065
452 32 -0.907188 0.420725 -0.958288 0.285805 22.1811
449 32 -0.907188 0.420725 -0.958288 0.285805 24.0546
445 32 -0.909474 0.41576 -0.953583 0.301131 26.3749
440 34 -0.904249 0.427006 -0.956881 0.290482 28.3806
436 34 -0.908677 0.4175 -0.956881 0.290482 27.9148
433 34 -0.910782 0.412888 -0.952029 0.306009 25.4656
427 36 -0.909972 0.414671 -0.952029 0.306009 15.6414
424 38 -0.903277 0.429057 -0.956881 0.290482 4.92623
419 39 -0.907009 0.421111 -0.952029 0.306009 0
416 42 -0.900552 0.434749 -0.956881 0.290482 1.34891
411 44 -0.903936 0.427668 -0.956881 0.290482 0
405 48 -0.903191 0.429239 -0.955403 0.295306 0
401 50 -0.904432 0.426619 -0.955403 0.295306 0
395 53 -0.906792 0.421579 -0.955403 0.295306 0
391 57 -0.901878 0.431992 -0.955403 0.295306 0
384 60 -0.904172 0.427168 -0.950397 0.311039 0.819048
381 61 -0.904023 0.427484 -0.956881 0.290482 0
377 62 -0.903878 0.42779 -0.955403 0.295306 0
375 62 -0.901305 0.433185 -0.962788 0.270256 0
372 61 -0.90273 0.430207 -0.961524 0.274721 0
369 60 -0.902861 0.429934 -0.958288 0.285805 3.07103
368 57 -0.903278 0.429057 -0.962788 0.270256 8.32913
365 55 -0.903579 0.428421 -0.963993 0.265929 15.6619
364 51 -0.905758 0.423795 -0.958288 0.285805 23.3008
361 51 -0.901125 0.43356 -0.963993 0.265929 24.0546
358 49 -0.904621 0.426216 -0.959629 0.28127 23.6964
356 49 -0.903023 0.429593 -0.963993 0.265929 22.8421
354 49 -0.903023 0.429593 -0.963993 0.265929 22.8421
352 49 -0.903023 0.429593 -0.963993 0.265929 19.8325
351 49 -0.903023 0.429593 -0.960907 0.276872 15.1075
349 50 -0.90286 0.429934 -0.960907 0.276872 6.3937
348 51 -0.902705 0.430261 -0.960907 0.276872 0.792783
347 52 -0.904072 0.42738 -0.960907 0.276872 0
347 54 -0.900769 0.434299 -0.962127 0.272603 0
343 57 -0.900449 0.434962 -0.962127 0.272603 0
334 64 -0.903601 0.428374 -0.960907 0.276872 0
334 66 -0.90334 0.428924 -0.962127 0.272603 0
331 70 -0.902861 0.429934 -0.962127 0.272603 0
332 73 -0.901523 0.432731 -0.962127 0.272603 0
332 76 -0.901523 0.432731 -0.962127 0.272603 0
332 79 -0.902639 0.430398 -0.962127 0.272603 0
332 82 -0.902639 0.430398 -0.962127 0.272603 0
333 85 -0.902639 0.430398 -0.962127 0.272603 0.643337
333 87 -0.902639 0.430398 -0.962127 0.272603 4.15197
334 91 -0.901523 0.432731 -0.96728 0.253713 9.44304
334 94 -0.902639 0.430398 -0.96728 0.253713 13.4919
334 99 -0.904954 0.425508 -0.966235 0.257663 19.1778
334 101 -0.903738 0.428086 -0.966235 0.257663 17.8534
335 106 -0.902639 0.430398 -0.971072 0.238788 19.8325
336 110 -0.904954 0.425508 -0.96728 0.253713 19.5429
336 115 -0.903738 0.428086 -0.970142 0.242536 19.5429
337 120 -0.904954 0.425508 -0.971072 0.238788 19.8742
338 125 -0.904954 0.425508 -0.959629 0.28127 17.2009
340 132 -0.904954 0.425508 -0.956477 0.291807 16.3706
340 135 -0.907255 0.420582 -0.956477 0.291807 15.5155
341 141 -0.904954 0.425508 -0.960907 0.276872 7.92133
342 146 -0.907255 0.420582 -0.956477 0.291807 1.95838
344 155 -0.904954 0.425508 -0.960907 0.276872 0
344 157 -0.90954 0.415617 -0.959629 0.28127 0
346 162 -0.907255 0.420582 -0.960907 0.276872 0
347 167 -0.907255 0.420582 -0.959629 0.28127 0
349 170 -0.90954 0.415617 -0.960907 0.276872 0
350 173 -0.90954 0.415617 -0.960907 0.276872 0
351 175 -0.90849 0.417906 -0.966235 0.257663 0
351 176 -0.907255 0.420582 -0.96514 0.261733 0
351 176 -0.907255 0.420582 -0.96514 0.261733 0
351 176 -0.90954 0.415617 -0.96514 0.261733 0
351 176 -0.90954 0.415617 -0.96514 0.261733 0
352 185 -0.909738 0.415183 -0.96514 0.261733 0
352 185 -0.909738 0.415183 -0.96514 0.261733 0
352 185 -0.912036 0.41011 -0.96514 0.261733 0
352 185 -0.912036 0.41011 -0.96514 0.261733 0
352 185 -0.912036 0.41011 -0.96514 0.261733 0
352 185 -0.912036 0.41011 -0.96514 0.261733 0
352 185 -0.912036 0.41011 -0.96514 0.261733 0
352 185 -0.912036 0.41011 -0.96514 0.261733 0
352 185 -0.912036 0.41011 -0.96514 0.261733 0
352 185 -0.912036 0.41011 -0.96514 0.261733 0
352 185 -0.912036 0.41011 -0.96514 0.261733 0
352 185 -0.909738 0.415183 -0.96514 0.261733 0
352 185 -0.909738 0.415183 -0.96514 0.261733 0
352 185 -0.910782 0.412888 -0.96514 0.261733 0
352 185 -0.910782 0.412888 -0.96514 0.261733 0
352 185 -0.910782 0.412888 -0.96514 0.261733 0
352 185 -0.910782 0.412888 -0.96514 0.261733 0
352 185 -0.910782 0.412888 -0.96514 0.261733 0
352 185 -0.910782 0.412888 -0.96514 0.261733 0
352 185 -0.909738 0.415183 -0.969169 0.246399 0
352 185 -0.909738 0.415183 -0.969169 0.246399 0
352 184 -0.912036 0.41011 -0.96514 0.261733 0
352 184 -0.912036 0.41011 -0.96514 0.261733 0
352 185 -0.909738 0.415183 -0.969169 0.246399 0
351 185 -0.910782 0.412888 -0.969169 0.246399 0.566975
351 184 -0.913057 0.407832 -0.96514 0.261733 7.42593
351 184 -0.910782 0.412888 -0.96514 0.261733 16.3706
351 184 -0.910782 0.412888 -0.96514 0.261733 18.1041
351 184 -0.910782 0.412888 -0.96514 0.261733 19.6691
351 183 -0.912036 0.41011 -0.960907 0.276872 19.6938
351 183 -0.909738 0.415183 -0.960907 0.276872 18.8387
351 183 -0.909738 0.415183 -0.960907 0.276872 18.8387
351 183 -0.909738 0.415183 -0.960907 0.276872 18.8387
351 183 -0.909738 0.415183 -0.960907 0.276872 18.8387
351 183 -0.909738 0.415183 -0.960907 0.276872 18.8387
351 183 -0.909738 0.415183 -0.960907 0.276872 18.8387
351 183 -0.909738 0.415183 -0.960907 0.276872 18.8387
351 183 -0.909738 0.415183 -0.960907 0.276872 19.6938
351 183 -0.909738 0.415183 -0.960907 0.276872 19.6938
351 183 -0.909738 0.415183 -0.960907 0.276872 19.6938
351 183 -0.909738 0.415183 -0.960907 0.276872 19.6938
351 183 -0.909738 0.415183 -0.960907 0.276872 19.6938
351 183 -0.909738 0.415183 -0.960907 0.276872 19.6938
351 183 -0.909738 0.415183 -0.960907 0.276872 19.8833
351 183 -0.909738 0.415183 -0.960907 0.276872 19.8833
351 183 -0.909738 0.415183 -0.960907 0.276872 19.8833
351 183 -0.909738 0.415183 -0.960907 0.276872 19.8833
351 183 -0.909738 0.415183 -0.960907 0.276872 19.8833
351 183 -0.909738 0.415183 -0.960907 0.276872 19.8833
351 183 -0.909738 0.415183 -0.960907 0.276872 19.8833
351 183 -0.909738 0.415183 -0.960907 0.276872 19.8833
351 183 -0.909738 0.415183 -0.960907 0.276872 19.8833
351 183 -0.909738 0.415183 -0.960907 0.276872 18.256
351 183 -0.909738 0.415183 -0.960907 0.276872 19.8833
351 183 -0.909738 0.415183 -0.960907 0.276872 19.8833
351 183 -0.909738 0.415183 -0.960907 0.276872 19.8833
351 183 -0.909738 0.415183 -0.960907 0.276872 19.8833
351 183 -0.909738 0.415183 -0.960907 0.276872 19.8833
351 183 -0.909738 0.415183 -0.960907 0.276872 19.8833
351 183 -0.909738 0.415183 -0.960907 0.276872 19.8833
351 183 -0.909738 0.415183 -0.960907 0.276872 19.8833
351 183 -0.909738 0.415183 -0.960907 0.276872 19.8833
351 183 -0.909738 0.415183 -0.960907 0.276872 19.8833
351 183 -0.909738 0.415183 -0.960907 0.276872 19.8833
351 183 -0.909738 0.415183 -0.960907 0.276872 19.8833
351 183 -0.909738 0.415183 -0.960907 0.276872 19.8833
351 183 -0.909738 0.415183 -0.960907 0.276872 19.8833
351 183 -0.909738 0.415183 -0.960907 0.276872 19.8833
351 182 -0.912036 0.41011 -0.955064 0.296399 10.6654
351 182 -0.910782 0.412888 -0.959629 0.28127 2.18209
351 181 -0.910782 0.412888 -0.958288 0.285805 0
351 182 -0.909738 0.415183 -0.959629 0.28127 0
350 183 -0.910782 0.412888 -0.958288 0.285805 0
350 185 -0.910782 0.412888 -0.958288 0.285805 0
349 187 -0.910782 0.412888 -0.958288 0.285805 0
349 191 -0.909738 0.415183 -0.959629 0.28127 0
348 195 -0.910782 0.412888 -0.958288 0.285805 0
348 200 -0.909738 0.415183 -0.963993 0.265929 0
348 205 -0.912036 0.41011 -0.959629 0.28127 0
348 210 -0.912036 0.41011 -0.959629 0.28127 0
348 216 -0.913057 0.407832 -0.962788 0.270256 0
349 221 -0.913057 0.407832 -0.959629 0.28127 0
351 227 -0.913057 0.407832 -0.959629 0.28127 0
353 232 -0.915315 0.402739 -0.959629 0.28127 0
356 238 -0.914061 0.405577 -0.960907 0.276872 0
359 238 -0.912818 0.408366 -0.960907 0.276872 0
362 243 -0.913812 0.406138 -0.960907 0.276872 0
365 248 -0.912586 0.408886 -0.960907 0.276872 0
368 252 -0.91575 0.401748 -0.956477 0.291807 0
371 257 -0.916696 0.399585 -0.956477 0.291807 0
374 262 -0.914535 0.404506 -0.956477 0.291807 0
376 267 -0.913331 0.407218 -0.956477 0.291807 0
378 271 -0.913331 0.407218 -0.957826 0.287348 3.99377
379 275 -0.914288 0.405064 -0.957826 0.287348 13.3267
380 279 -0.91523 0.402932 -0.957826 0.287348 21.0351
381 282 -0.91523 0.402932 -0.957826 0.287348 25.5933
383 285 -0.91523 0.402932 -0.957826 0.287348 27.329
385 288 -0.916157 0.400819 -0.957826 0.287348 24.7449
389 291 -0.914047 0.405608 -0.957826 0.287348 14.7989
392 293 -0.916157 0.400819 -0.953342 0.301892 3.28134
396 296 -0.916157 0.400819 -0.953342 0.301892 0
400 300 -0.91707 0.398726 -0.957826 0.287348 0
405 304 -0.91498 0.4035 -0.959115 0.283017 0
409 308 -0.915898 0.401412 -0.959115 0.283017 0
414 316 -0.920024 0.391862 -0.959115 0.283017 0
419 319 -0.920024 0.391862 -0.959115 0.283017 0
424 322 -0.920024 0.391862 -0.959115 0.283017 0
433 323 -0.919444 0.393221 -0.968277 0.249878 0
438 324 -0.922393 0.386252 -0.965468 0.260523 0
439 327 -0.921741 0.387806 -0.970143 0.242536 0
447 326 -0.920024 0.391862 -0.974391 0.22486 0
450 326 -0.920889 0.389824 -0.978234 0.207504 0
453 326 -0.920889 0.389824 -0.984337 0.176299 0.324469
455 326 -0.919724 0.392565 -0.989661 0.143429 0.12373
456 325 -0.919724 0.392565 -0.993533 0.113547 0
456 325 -0.919724 0.392565 -0.996347 0.0854011 0
456 324 -0.919724 0.392565 -0.997597 0.0692776 0
455 324 -0.919724 0.392565 -0.999157 0.0410612 0.888628
454 323 -0.921741 0.387806 -0.999157 0.0410612 2.55139
465 328 -0.924219 0.381863 -0.999911 0.0133321 1.64222
463 328 -0.922258 0.386575 -1 0 1.85684
460 328 -0.924219 0.381863 -1 0 2.25872
457 328 -0.925369 0.379067 -0.999909 0.0135123 2.69927
454 329 -0.923406 0.383825 -0.999909 0.0135123 3.02722
451 329 -0.925369 0.379067 -0.999635 0.0270172 3.4594
448 330 -0.924562 0.381032 -0.999157 0.0410612 3.61569
445 331 -0.923742 0.383015 -0.998502 0.0547124 4.46234
441 331 -0.925727 0.378193 -0.995175 0.0981158 4.95367
439 332 -0.923742 0.383015 -0.995175 0.0981158 4.89946
435 333 -0.924913 0.380179 -0.9916 0.129339 5.84306
431 334 -0.924913 0.380179 -0.989044 0.147619 6.69707
424 337 -0.924562 0.381032 -0.98387 0.178885 7.83881
424 338 -0.924439 0.381331 -0.98387 0.178885 9.0117
417 342 -0.922063 0.387039 -0.980581 0.196116 9.1083
413 344 -0.922393 0.386252 -0.976187 0.21693 9.36194
409 346 -0.924439 0.381331 -0.975441 0.220261 7.96786
406 349 -0.923077 0.384615 -0.971072 0.238788 11.2602
405 350 -0.925169 0.379556 -0.966235 0.257663 8.76077
404 353 -0.925169 0.379556 -0.970142 0.242536 12.113
405 355 -0.924307 0.381649 -0.970142 0.242536 13.5735
408 359 -0.923431 0.383764 -0.970142 0.242536 16.2211
409 360 -0.923431 0.383764 -0.969169 0.246399 23.8224
412 361 -0.923431 0.383764 -0.96514 0.261733 42.0128
416 362 -0.923431 0.383764 -0.966235 0.257663 51.3099
419 362 -0.925547 0.378633 -0.96514 0.261733 57.3933
422 362 -0.924307 0.381649 -0.96514 0.261733 63.4429
426 362 -0.923431 0.383764 -0.970142 0.242536 62.9614
429 361 -0.925169 0.379556 -0.970142 0.242536 50.5766
430 361 -0.925169 0.379556 -0.970142 0.242536 44.3237
432 361 -0.925169 0.379556 -0.97466 0.223692 21.0625
434 361 -0.925169 0.379556 -0.98178 0.190022 10.8839
437 362 -0.926016 0.377484 -0.985097 0.172001 8.15873
438 363 -0.923945 0.382525 -0.985549 0.169391 9.1083
441 363 -0.924799 0.380455 -0.985981 0.166858 6.88865
444 363 -0.92564 0.378406 -0.988372 0.152057 8.50284
448 363 -0.924439 0.381331 -0.988372 0.152057 5.87915
453 363 -0.925272 0.379304 -0.988715 0.149805 5.87915
462 361 -0.92564 0.378406 -0.989044 0.147619 8.55843
473 362 -0.924439 0.381331 -0.989359 0.145494 5.96977
476 363 -0.925272 0.379304 -0.991355 0.131209 8.00708
484 363 -0.924913 0.380179 -0.9916 0.129339 5.96977
492 363 -0.925727 0.378193 -0.9916 0.129339 7.52883
505 363 -0.927316 0.374278 -0.993712 0.111968 3.5836
509 363 -0.927316 0.374278 -0.993712 0.111968 7.93421
518 362 -0.926164 0.377121 -0.993884 0.110432 25.1819
526 362 -0.925808 0.377993 -0.996639 0.0819155 41.6366
533 360 -0.928477 0.371391 -0.996639 0.0819155 47.6483
541 359 -0.926232 0.376955 -0.997725 0.0674139 49.0342
547 357 -0.926232 0.376955 -0.997725 0.0674139 46.1069
558 353 -0.92728 0.374368 -0.997843 0.0656476 44.561
560 352 -0.92767 0.373402 -0.997843 0.0656476 43.0128
567 350 -0.925935 0.377684 -0.998618 0.0525588 32.374
570 348 -0.927616 0.373536 -0.999242 0.0389315 15.6589
573 346 -0.927157 0.374673 -0.999671 0.0256326 3.89044
574 346 -0.926258 0.376891 -0.999261 0.0384331 3.89044
580 344 -0.927553 0.373691 -0.999261 0.0384331 3.89044
582 343 -0.925655 0.37837 -0.99968 0.0253083 3.89044
584 341 -0.928477 0.371391 -0.999261 0.0384331 5.90499
586 340 -0.926542 0.37619 -0.99968 0.0253083 2.22431
591 337 -0.928976 0.370139 -0.99928 0.0379473 4.31903
594 335 -0.9259 0.377767 -0.99928 0.0379473 5.90499
595 334 -0.927441 0.373968 -0.999261 0.0384331 9.4594
601 331 -0.926295 0.376798 -0.99968 0.0253083 22.9838
603 328 -0.929578 0.368626 -0.99928 0.0379473 36.0091
606 326 -0.926198 0.377037 -0.99968 0.0253083 44.2945
607 325 -0.927904 0.372819 -0.99968 0.0253083 47.0473
612 322 -0.927877 0.372885 -0.99968 0.0253083 48.573
614 320 -0.928477 0.371391 -0.99968 0.0253083 47.1427
616 319 -0.925976 0.377582 -0.999918 0.0128195 48.573
618 316 -0.926567 0.376131 -0.999671 0.0256326 49.9629
622 312 -0.927816 0.373039 -0.999671 0.0256326 51.3932
624 309 -0.928477 0.371391 -0.999663 0.0259653 36.9872
625 308 -0.92711 0.374789 -0.999918 0.0128195 26.7069
626 305 -0.929164 0.369667 -0.999918 0.0128195 8.32452
630 302 -0.927033 0.37498 -0.999916 0.0129859 4.80169
632 300 -0.927739 0.373228 -0.999918 0.0128195 3.56089
632 299 -0.927739 0.373228 -0.999918 0.0128195 3.56089
633 298 -0.926232 0.376955 -1 0 5.16779
637 295 -0.927694 0.37334 -1 0 4.5276
638 293 -0.926092 0.377297 -0.999918 0.0128195 4.82531
639 291 -0.924439 0.381331 -0.999916 0.0129859 5.49151
641 288 -0.925169 0.379556 -1 0 21.0418
645 285 -0.926739 0.375705 -1 0 30.7539
650 273 -0.926613 0.376017 -1 0 37.4412
651 270 -0.924678 0.38075 -0.999918 -0.0128195 37.2472
655 266 -0.926467 0.376377 -1 0 40.0349
656 263 -0.929491 0.368846 -0.999918 -0.0128195 41.3955
660 260 -0.926295 0.376798 -0.999916 -0.0129859 42.7927
661 257 -0.924017 0.382352 -0.999918 -0.0128195 45.5821
662 254 -0.92735 0.374194 -0.999916 -0.0129859 47.0473
665 251 -0.926092 0.377297 -0.999916 -0.0129859 40.0349
666 250 -0.923592 0.383378 -0.999663 -0.0259653 18.6415
666 249 -0.923592 0.383378 -0.999663 -0.0259653 7.11876
667 248 -0.920967 0.38964 -0.999663 -0.0259653 4.87596
667 247 -0.927242 0.374463 -0.999671 -0.0256326 3.63243
668 247 -0.924678 0.38075 -0.999261 -0.0384331 3.28624
670 246 -0.925848 0.377897 -0.999261 -0.0384331 3.28624
670 246 -0.925848 0.377897 -0.999663 -0.0259653 2.68102
670 246 -0.925848 0.377897 -0.999671 -0.0256326 4.23446
670 245 -0.925848 0.377897 -0.999261 -0.0384331 3.28624
671 245 -0.923077 0.384615 -0.999261 -0.0384331 5.22214
671 245 -0.923077 0.384615 -0.999261 -0.0384331 17.249
671 245 -0.923077 0.384615 -0.998688 -0.0512148 33.3675
671 245 -0.923077 0.384615 -0.997952 -0.0639713 40
671 245 -0.923077 0.384615 -0.998003 -0.0631647 42.7927
668 246 -0.924678 0.38075 -0.997952 -0.0639713 29.4421
667 247 -0.920967 0.38964 -0.997054 -0.0766965 13.1389
664 248 -0.92258 0.385806 -0.997054 -0.0766965 3.07324
663 248 -0.92502 0.379919 -0.997952 -0.0639713 4.59313
662 249 -0.92735 0.374194 -0.997952 -0.0639713 4.59313
660 250 -0.926295 0.376798 -0.997054 -0.0766965 4.87596
659 250 -0.928477 0.371391 -0.997898 -0.0647986 3.07324
659 251 -0.923077 0.384615 -0.996978 -0.0776866 3.07324
659 251 -0.923077 0.384615 -0.997952 -0.0639713 4.88376
658 251 -0.925305 0.379223 -0.997898 -0.0647986 12.5924
657 251 -0.927441 0.373968 -0.996978 -0.0776866 20.4077
655 252 -0.926467 0.376377 -0.996978 -0.0776866 21.9746
655 252 -0.926467 0.376377 -0.997054 -0.0766965 24.2601
655 252 -0.926467 0.376377 -0.996978 -0.0776866 24.2601
655 252 -0.926467 0.376377 -0.996978 -0.0776866 22.715
655 252 -0.926467 0.376377 -0.996978 -0.0776866 22.715
655 253 -0.926467 0.376377 -0.996978 -0.0776866 22.715
655 253 -0.926467 0.376377 -0.996978 -0.0776866 22.715
655 253 -0.926467 0.376377 -0.996978 -0.0776866 22.715
655 253 -0.926467 0.376377 -0.996978 -0.0776866 22.715
655 253 -0.926467 0.376377 -0.997898 -0.0647986 23.3365
655 253 -0.926467 0.376377 -0.997898 -0.0647986 24.7995
655 253 -0.926467 0.376377 -0.997898 -0.0647986 24.7995
655 253 -0.926467 0.376377 -0.997898 -0.0647986 24.7995
655 253 -0.926467 0.376377 -0.997898 -0.0647986 24.7995
655 253 -0.926467 0.376377 -0.997898 -0.0647986 24.7995
655 253 -0.926467 0.376377 -0.997898 -0.0647986 24.7995
655 253 -0.926467 0.376377 -0.997898 -0.0647986 24.7995
655 253 -0.926467 0.376377 -0.997898 -0.0647986 24.7995
655 253 -0.926467 0.376377 -0.997898 -0.0647986 24.7995
655 253 -0.926467 0.376377 -0.996978 -0.0776866 23.3281
655 253 -0.926467 0.376377 -0.997898 -0.0647986 24.7995
655 253 -0.926467 0.376377 -0.997898 -0.0647986 24.7995
655 253 -0.926467 0.376377 -0.997898 -0.0647986 24.7995
658 243 -0.925305 0.379223 -0.997952 -0.0639713 21.9746
658 243 -0.925305 0.379223 -0.997952 -0.0639713 21.9746
658 243 -0.925305 0.379223 -0.997952 -0.0639713 21.9746
658 243 -0.925305 0.379223 -0.997952 -0.0639713 21.9746
658 243 -0.925305 0.379223 -0.997952 -0.0639713 21.9746
657 243 -0.927441 0.373968 -0.997952 -0.0639713 14.2593
655 245 -0.916157 0.400819 -0.997054 -0.0766965 6.34502
654 245 -0.918413 0.395624 -0.997952 -0.0639713 4.27002
654 245 -0.918413 0.395624 -0.997952 -0.0639713 3.71691
654 245 -0.918413 0.395624 -0.997952 -0.0639713 2.17852
654 245 -0.918413 0.395624 -0.997952 -0.0639713 3.71691
654 244 -0.923497 0.383606 -0.998653 -0.0518781 3.71691
654 243 -0.923497 0.383606 -0.998688 -0.0512148 2.17852
654 242 -0.923497 0.383606 -0.998653 -0.0518781 2.17852
655 241 -0.921364 0.388701 -0.998653 -0.0518781 3.69346
655 240 -0.921364 0.388701 -0.998653 -0.0518781 5.73888
656 238 -0.924374 0.381488 -0.998618 -0.0525588 16.9966
659 235 -0.923077 0.384615 -0.998618 -0.0525588 27.5376
660 234 -0.920752 0.390149 -0.997843 -0.0656476 31.2229
661 231 -0.924017 0.382352 -0.997785 -0.066519 33.3965
665 226 -0.920024 0.391862 -0.997785 -0.066519 41.3322
666 224 -0.923592 0.383378 -0.997785 -0.066519 43.8313
668 221 -0.918211 0.396091 -0.997785 -0.066519 47.9964
671 217 -0.923077 0.384615 -0.998502 -0.0547124 49.5221
674 212 -0.92125 0.388972 -0.998502 -0.0547124 46.4012
674 210 -0.928477 0.371391 -0.999133 -0.0416305 42.7792
675 208 -0.925547 0.378633 -0.999133 -0.0416305 26.566
676 206 -0.922441 0.386138 -0.999904 -0.0138875 11.6992
676 204 -0.922441 0.386138 -0.999901 -0.0140831 3.98306
676 202 -0.922441 0.386138 -1 0 2.24414
674 201 -0.92125 0.388972 -1 0 3.88069
671 199 -0.923077 0.384615 -0.999895 0.0144912 2.12503
670 199 -0.919145 0.393919 -1 0 1.99241
668 184 -0.904819 0.425797 -0.997385 0.0722743 3.36736
667 183 -0.901252 0.433294 -0.997308 0.0733314 1.63484
663 181 -0.907009 0.421111 -0.997227 0.0744199 1.51978
663 180 -0.907009 0.421111 -0.99613 0.0878938 1.51978
661 179 -0.900552 0.434749 -0.997227 0.0744199 6.30995
661 177 -0.900552 0.434749 -0.997227 0.0744199 11.2202
660 172 -0.903426 0.428744 -0.995893 0.0905358 20.5638
660 171 -0.897449 0.441119 -0.997143 0.0755411 22.2123
660 167 -0.903426 0.428744 -0.997143 0.0755411 24.9212
660 164 -0.903426 0.428744 -0.997143 0.0755411 32.6317
660 161 -0.897449 0.441119 -0.998168 0.0604951 33.1754
659 157 -0.900349 0.435169 -0.997143 0.0755411 36.0884
657 155 -0.900159 0.435561 -0.998168 0.0604951 30.2436
656 149 -0.902861 0.429934 -0.997055 0.0766965 26.5207
656 148 -0.897258 0.441508 -0.997055 0.0766965 25.3624
654 144 -0.902604 0.430473 -0.996962 0.0778877 22.3674
651 142 -0.899657 0.436598 -0.995634 0.0933407 19.6932
650 140 -0.897012 0.442006 -0.994072 0.108727 16.2013
646 134 -0.896871 0.442292 -0.992278 0.124035 11.2069
644 132 -0.896806 0.442424 -0.98995 0.141421 3.9537
641 131 -0.894427 0.447214 -0.98995 0.141421 0
639 129 -0.898876 0.438202 -0.984623 0.174691 0
637 127 -0.898768 0.438424 -0.977323 0.211753 0.0934696
634 128 -0.896527 0.44299 -0.978036 0.208434 0
630 129 -0.896433 0.44318 -0.976575 0.215178 0
627 131 -0.894427 0.447214 -0.977323 0.211753 0
625 130 -0.898217 0.439553 -0.976575 0.215178 0
620 131 -0.89623 0.443589 -0.979937 0.199309 0
616 128 -0.896161 0.44373 -0.983607 0.180328 7.32756
615 127 -0.894427 0.447214 -0.983607 0.180328 11.8076
609 127 -0.891163 0.453683 -0.986394 0.164399 21.7055
606 123 -0.896007 0.444039 -0.985939 0.167108 27.2701
600 123 -0.892921 0.450213 -0.985939 0.167108 28.8903
598 120 -0.889971 0.456018 -0.985939 0.167108 29.3745
595 117 -0.891533 0.452956 -0.982486 0.186334 30.8246
588 116 -0.89306 0.449938 -0.982486 0.186334 31.8699
587 115 -0.891709 0.45261 -0.98546 0.169907 31.8699
585 114 -0.891749 0.45253 -0.98546 0.169907 31.512
583 113 -0.8931 0.449858 -0.988174 0.153337 31.3613
579 114 -0.890435 0.455111 -0.993035 0.117818 25.9638
578 114 -0.891749 0.45253 -0.993035 0.117818 21.7321
575 115 -0.894427 0.447214 -0.994869 0.101173 10.1029
573 117 -0.891709 0.45261 -0.996546 0.0830455 2.39608
570 119 -0.891709 0.45261 -0.999445 0.0333148 0
564 122 -0.891749 0.45253 -0.999861 0.0166644 0
564 123 -0.891667 0.452692 -1 0 0.642538
560 125 -0.891623 0.452778 -0.99987 -0.0161269 0.527547
558 126 -0.891623 0.452778 -0.999874 -0.015871 2.57634
555 127 -0.891623 0.452778 -0.999874 -0.015871 1.13223
550 130 -0.891667 0.452692 -0.999878 -0.0156231 2.47152
548 130 -0.893016 0.450024 -1 0 1.97165
544 132 -0.890248 0.455476 -1 0 3.91566
541 133 -0.890248 0.455476 -0.999882 0.0153828 12.4921
540 131 -0.893016 0.450024 -0.999878 0.0156231 24.6094
532 133 -0.890248 0.455476 -0.998903 0.0468236 37.8447
530 133 -0.890248 0.455476 -0.998053 0.0623783 40.5636
526 133 -0.890248 0.455476 -0.996962 0.0778877 41.646
522 133 -0.890248 0.455476 -0.996865 0.0791163 39.8727
518 133 -0.890248 0.455476 -0.996865 0.0791163 40.9041
516 132 -0.891623 0.452778 -0.995495 0.0948091 36.1775
514 132 -0.890248 0.455476 -0.995495 0.0948091 26.7595
512 132 -0.890248 0.455476 -0.99535 0.0963242 14.2534
512 131 -0.890248 0.455476 -0.992034 0.125973 5.71664
511 132 -0.888803 0.458289 -0.991778 0.127971 1.12554
510 132 -0.890248 0.455476 -0.991778 0.127971 1.43471
509 133 -0.890248 0.455476 -0.991778 0.127971 0.898074
508 134 -0.890248 0.455476 -0.991778 0.127971 0
508 136 -0.888803 0.458289 -0.993884 0.110432 0.775162
506 137 -0.88889 0.45812 -0.993687 0.11219 0.775162
505 138 -0.891667 0.452692 -0.993687 0.11219 1.50916
504 140 -0.88889 0.45812 -0.996764 0.0803842 0.775162
503 141 -0.890312 0.455351 -0.995197 0.0978883 6.66878
505 141 -0.888803 0.458289 -0.996546 0.0830455 17.0041
504 142 -0.891623 0.452778 -0.994869 0.101173 29.6359
500 145 -0.891709 0.45261 -0.994869 0.101173 35.5508
501 146 -0.888975 0.457957 -0.993035 0.117818 39.107
502 147 -0.891709 0.45261 -0.992796 0.11982 39.107
504 149 -0.888975 0.457957 -0.992796 0.11982 39.0789
505 150 -0.888975 0.457957 -0.990621 0.136637 42.2546
507 152 -0.888975 0.457957 -0.990294 0.138989 41.1088
509 154 -0.888975 0.457957 -0.990294 0.138989 40.2247
512 156 -0.891709 0.45261 -0.98995 0.141421 39.0789
516 158 -0.891709 0.45261 -0.98995 0.141421 32.7757
521 160 -0.891709 0.45261 -0.98733 0.158678 11.6109
525 163 -0.894427 0.447214 -0.98733 0.158678 1.78027
533 165 -0.891623 0.452778 -0.98733 0.158678 0
533 170 -0.894427 0.447214 -0.98733 0.158678 0
541 171 -0.894427 0.447214 -0.98995 0.141421 0
541 175 -0.895791 0.444476 -0.98995 0.141421 0
544 176 -0.895791 0.444476 -0.98733 0.158678 0
547 177 -0.894427 0.447214 -0.98995 0.141421 0
549 176 -0.894427 0.447214 -0.98733 0.158678 0
550 175 -0.895791 0.444476 -0.98733 0.158678 4.67971
554 172 -0.894427 0.447214 -0.986875 0.161489 13.7863
553 172 -0.894427 0.447214 -0.98733 0.158678 23.2193
557 169 -0.894427 0.447214 -0.986875 0.161489 30.4713
557 169 -0.894427 0.447214 -0.98733 0.158678 33.1459
559 167 -0.894427 0.447214 -0.98387 0.178885 36.3785
561 166 -0.891667 0.452692 -0.986875 0.161489 37.2304
566 162 -0.895834 0.44439 -0.983282 0.182089 39.0821
566 162 -0.894427 0.447214 -0.98387 0.178885 38.6163
568 160 -0.894427 0.447214 -0.983282 0.182089 39.0821
570 159 -0.895791 0.444476 -0.983282 0.182089 39.0821
575 156 -0.895834 0.44439 -0.983282 0.182089 40.0789
574 156 -0.894427 0.447214 -0.983282 0.182089 39.0821
576 154 -0.894427 0.447214 -0.983282 0.182089 39.0821
578 152 -0.894427 0.447214 -0.98387 0.178885 37.2737
580 150 -0.891667 0.452692 -0.983282 0.182089 31.1161
582 147 -0.895812 0.444434 -0.98387 0.178885 18.4154
583 146 -0.891667 0.452692 -0.986394 0.164399 5.94922
584 144 -0.891667 0.452692 -0.983282 0.182089 0.297055
585 142 -0.893038 0.449981 -0.98387 0.178885 0
585 141 -0.893038 0.449981 -0.98387 0.178885 0
584 140 -0.894427 0.447214 -0.986394 0.164399 0
584 139 -0.893038 0.449981 -0.986875 0.161489 0
583 139 -0.893038 0.449981 -0.986875 0.161489 0
581 139 -0.893038 0.449981 -0.989586 0.14394 0
580 138 -0.894427 0.447214 -0.98995 0.141421 7.40254
578 138 -0.891623 0.452778 -0.991998 0.126254 20.5249
576 138 -0.891623 0.452778 -0.994102 0.108448 32.4653
576 137 -0.894427 0.447214 -0.991998 0.126254 41.4751
575 137 -0.894427 0.447214 -0.991998 0.126254 42.3456
576 137 -0.894427 0.447214 -0.991998 0.126254 43.5789
576 137 -0.894427 0.447214 -0.991998 0.126254 43.4166
576 138 -0.891623 0.452778 -0.991998 0.126254 43.4783
579 137 -0.892994 0.450069 -0.991998 0.126254 42.3456
577 138 -0.891623 0.452778 -0.991998 0.126254 42.3456
577 138 -0.891623 0.452778 -0.991998 0.126254 42.3456
577 138 -0.891623 0.452778 -0.991998 0.126254 42.3456
577 138 -0.891623 0.452778 -0.991998 0.126254 42.3456
577 138 -0.891623 0.452778 -0.991998 0.126254 42.3456
577 138 -0.891623 0.452778 -0.991998 0.126254 42.3456
577 138 -0.891623 0.452778 -0.991998 0.126254 42.3456
577 138 -0.891623 0.452778 -0.991998 0.126254 42.3456
577 138 -0.891623 0.452778 -0.991998 0.126254 42.3456
577 138 -0.891623 0.452778 -0.991998 0.126254 42.3456
577 138 -0.891623 0.452778 -0.991998 0.126254 42.3456
577 138 -0.891623 0.452778 -0.991998 0.126254 42.3456
577 138 -0.891623 0.452778 -0.991998 0.126254 42.3456
577 138 -0.891623 0.452778 -0.991998 0.126254 42.3456
577 138 -0.891623 0.452778 -0.991998 0.126254 42.3456
577 138 -0.891623 0.452778 -0.991998 0.126254 42.3456
577 138 -0.891623 0.452778 -0.991998 0.126254 42.3456
577 138 -0.891623 0.452778 -0.991998 0.126254 42.3456
577 138 -0.891623 0.452778 -0.992278 0.124035 42.3456
577 138 -0.891623 0.452778 -0.992278 0.124035 42.3456
577 138 -0.891623 0.452778 -0.992278 0.124035 42.3456
577 138 -0.891623 0.452778 -0.992278 0.124035 42.3456
577 138 -0.891623 0.452778 -0.992278 0.124035 42.3456
577 138 -0.894427 0.447214 -0.991998 0.126254 37.1242
576 139 -0.891623 0.452778 -0.994309 0.106533 33.991
576 139 -0.894427 0.447214 -0.994309 0.106533 27.6484
576 140 -0.894427 0.447214 -0.994309 0.106533 26.569
578 140 -0.894427 0.447214 -0.992278 0.124035 24.4537
579 141 -0.891623 0.452778 -0.994309 0.106533 22.6296
582 141 -0.891623 0.452778 -0.994309 0.106533 17.4706
584 141 -0.894427 0.447214 -0.994309 0.106533 11.3149
586 141 -0.894427 0.447214 -0.994309 0.106533 5.06459
589 140 -0.894427 0.447214 -0.994102 0.108448 0
591 139 -0.894427 0.447214 -0.994309 0.106533 0
597 135 -0.894427 0.447214 -0.991998 0.126254 0
598 134 -0.895903 0.444249 -0.991998 0.126254 0
599 132 -0.894427 0.447214 -0.991998 0.126254 0
601 131 -0.891385 0.453247 -0.994102 0.108448 0
603 127 -0.894427 0.447214 -0.991998 0.126254 0.470814
603 126 -0.894427 0.447214 -0.991703 0.128554 0
604 124 -0.892869 0.450317 -0.991703 0.128554 1.77648
605 121 -0.894427 0.447214 -0.991998 0.126254 8.7808
605 118 -0.894427 0.447214 -0.993884 0.110432 15.9661
605 115 -0.891278 0.453457 -0.993884 0.110432 20.5249
605 111 -0.891278 0.453457 -0.991998 0.126254 27.8747
603 106 -0.891333 0.45335 -0.993884 0.110432 35.1534
602 104 -0.889817 0.456317 -0.991703 0.128554 36.7181
598 102 -0.889971 0.456018 -0.993884 0.110432 39.7031
595 98 -0.891533 0.452956 -0.991703 0.128554 40.5431
590 94 -0.888621 0.458643 -0.993653 0.112489 40.5026
589 92 -0.890043 0.455876 -0.991703 0.128554 40.7848
585 90 -0.890043 0.455876 -0.993653 0.112489 40.5026
581 89 -0.888525 0.458828 -0.993653 0.112489 40.5026
577 89 -0.886977 0.461814 -0.993653 0.112489 39.2444
573 89 -0.891436 0.453147 -0.993409 0.114624 39.4862
569 91 -0.888426 0.45902 -0.993653 0.112489 35.8278
564 94 -0.891436 0.453147 -0.98792 0.154968 15.465
563 96 -0.891436 0.453147 -0.990712 0.13598 7.83884
561 99 -0.889895 0.456165 -0.984784 0.173785 1.25219
559 103 -0.889895 0.456165 -0.984784 0.173785 0
556 108 -0.894427 0.447214 -0.984183 0.177153 0
556 110 -0.891436 0.453147 -0.984183 0.177153 0
556 113 -0.894427 0.447214 -0.984183 0.177153 0
557 116 -0.894427 0.447214 -0.984784 0.173785 0
558 119 -0.892921 0.450213 -0.984784 0.173785 0
559 122 -0.891436 0.453147 -0.98792 0.154968 0
559 124 -0.891436 0.453147 -0.984784 0.173785 0
560 126 -0.894427 0.447214 -0.984784 0.173785 13.0981
560 127 -0.891436 0.453147 -0.98792 0.154968 17.6522
559 128 -0.892946 0.450163 -0.984784 0.173785 30.5377
559 129 -0.888426 0.45902 -0.988372 0.152057 36.9298
557 129 -0.894427 0.447214 -0.982006 0.188847 41.0051
556 130 -0.892971 0.450115 -0.984784 0.173785 42.2689
555 130 -0.892971 0.450115 -0.985351 0.170541 41.9653
554 131 -0.890043 0.455876 -0.985351 0.170541 42.008
552 131 -0.891533 0.452956 -0.985351 0.170541 43.2414
550 132 -0.891533 0.452956 -0.985351 0.170541 42.2689
548 132 -0.891533 0.452956 -0.985887 0.167415 42.0791
546 132 -0.888621 0.458643 -0.985351 0.170541 40.8154
542 132 -0.891533 0.452956 -0.985887 0.167415 41.8183
538 133 -0.891533 0.452956 -0.985351 0.170541 39.8248
534 134 -0.890043 0.455876 -0.985887 0.167415 40.8357
529 135 -0.891533 0.452956 -0.985351 0.170541 39.8248
525 136 -0.891485 0.45305 -0.985887 0.167415 36.1147
520 137 -0.892971 0.450115 -0.982006 0.188847 32.2955
516 138 -0.892971 0.450115 -0.977521 0.210838 17.9447
513 139 -0.891485 0.45305 -0.977521 0.210838 5.00799
511 141 -0.890043 0.455876 -0.977521 0.210838 0
509 142 -0.890043 0.455876 -0.972387 0.233373 0
508 143 -0.891533 0.452956 -0.967822 0.251634 0
508 145 -0.891533 0.452956 -0.967822 0.251634 0
509 146 -0.888621 0.458643 -0.967822 0.251634 0
510 147 -0.890043 0.455876 -0.969015 0.247004 0
511 148 -0.892971 0.450115 -0.973417 0.229039 0
511 150 -0.891533 0.452956 -0.977521 0.210838 0
512 150 -0.891533 0.452956 -0.97835 0.206959 0
513 150 -0.892971 0.450115 -0.97835 0.206959 0
513 151 -0.891533 0.452956 -0.985351 0.170541 0
514 151 -0.891533 0.452956 -0.985887 0.167415 0
515 152 -0.891533 0.452956 -0.985887 0.167415 0
517 154 -0.891533 0.452956 -0.991703 0.128554 0
519 155 -0.891533 0.452956 -0.991998 0.126254 0
522 157 -0.888621 0.458643 -0.996038 0.0889319 0
524 158 -0.890114 0.455738 -0.997459 0.071247 0
526 159 -0.891579 0.452865 -0.997459 0.071247 0
529 160 -0.891579 0.452865 -0.997547 0.0700033 0.132098
530 161 -0.893016 0.450024 -0.998618 0.0525588 0
532 163 -0.891579 0.452865 -0.998665 0.0516551 0
533 166 -0.891579 0.452865 -0.997547 0.0700033 0.194333
558 177 -0.894427 0.447214 -0.997547 0.0700033 0
558 177 -0.894427 0.447214 -0.997547 0.0700033 0
605 179 -0.897554 0.440904 -0.996764 0.0803842 35.7819
605 179 -0.897554 0.440904 -0.996764 0.0803842 35.7819
605 179 -0.897554 0.440904 -0.996764 0.0803842 35.7819
605 179 -0.897554 0.440904 -0.996764 0.0803842 35.7819
605 179 -0.897554 0.440904 -0.996764 0.0803842 35.7819
605 179 -0.897554 0.440904 -0.996764 0.0803842 35.7819
605 179 -0.897554 0.440904 -0.996764 0.0803842 35.7819
605 179 -0.897554 0.440904 -0.996764 0.0803842 35.7819
605 179 -0.897554 0.440904 -0.996764 0.0803842 35.7819
605 179 -0.897554 0.440904 -0.996764 0.0803842 35.7819
605 179 -0.897554 0.440904 -0.996764 0.0803842 35.7819
603 181 -0.897501 0.441013 -0.996865 0.0791163 35.3356
603 181 -0.897501 0.441013 -0.996865 0.0791163 35.3356
603 181 -0.897501 0.441013 -0.996865 0.0791163 35.3356
608 181 -0.892813 0.450428 -0.996865 0.0791163 34.0062
609 181 -0.897668 0.440673 -0.996865 0.0791163 23.1576
614 181 -0.896128 0.443797 -0.996865 0.0791163 7.5288
617 184 -0.894427 0.447214 -0.996962 0.0778877 0
619 187 -0.89799 0.440015 -0.996962 0.0778877 1.16304
623 189 -0.901816 0.43212 -0.996962 0.0778877 0
625 193 -0.898217 0.439553 -0.996962 0.0778877 0
625 197 -0.898217 0.439553 -0.996962 0.0778877 0.472677
626 200 -0.896347 0.443354 -0.996962 0.0778877 0
626 202 -0.900159 0.435561 -0.995634 0.0933407 0
627 205 -0.898299 0.439385 -0.996962 0.0778877 0
628 207 -0.900284 0.435302 -0.996962 0.0778877 0
628 209 -0.900284 0.435302 -0.996962 0.0778877 0.063571
628 210 -0.900284 0.435302 -0.996962 0.0778877 0
628 211 -0.900284 0.435302 -0.996962 0.0778877 0
628 211 -0.900284 0.435302 -0.996962 0.0778877 0
628 212 -0.900284 0.435302 -0.996962 0.0778877 0.363046
628 212 -0.900284 0.435302 -0.996962 0.0778877 9.48973
628 212 -0.896389 0.443269 -0.998937 0.0461048 20.7244
628 211 -0.900284 0.435302 -0.998937 0.0461048 29.489
628 211 -0.900284 0.435302 -0.999527 0.0307547 31.2106
628 210 -0.900284 0.435302 -0.999527 0.0307547 32.0093
628 210 -0.900284 0.435302 -0.999527 0.0307547 30.665
629 209 -0.898384 0.43921 -0.998969 0.0454077 30.2724
629 209 -0.898384 0.43921 -0.999527 0.0307547 28.9965
629 209 -0.898384 0.43921 -0.999541 0.0302891 29.2673
629 209 -0.898384 0.43921 -0.999541 0.0302891 29.2673
629 209 -0.898384 0.43921 -0.999541 0.0302891 30.2724
629 209 -0.898384 0.43921 -0.999541 0.0302891 30.2724
629 209 -0.898384 0.43921 -0.999541 0.0302891 30.2724
629 209 -0.898384 0.43921 -0.999541 0.0302891 30.2724
629 209 -0.898384 0.43921 -0.999541 0.0302891 30.2724
629 209 -0.898384 0.43921 -0.999541 0.0302891 30.2724
629 209 -0.898384 0.43921 -0.999541 0.0302891 30.2724
629 209 -0.898384 0.43921 -0.999541 0.0302891 30.2724
629 209 -0.898384 0.43921 -0.999541 0.0302891 30.2724
629 209 -0.898384 0.43921 -0.999541 0.0302891 30.2724
629 209 -0.898384 0.43921 -0.999541 0.0302891 30.2724
629 209 -0.898384 0.43921 -0.999541 0.0302891 30.2724
629 209 -0.898384 0.43921 -0.999541 0.0302891 30.2724
629 209 -0.898384 0.43921 -0.999541 0.0302891 30.2724
629 209 -0.898384 0.43921 -0.999541 0.0302891 30.2724
629 209 -0.898384 0.43921 -0.999541 0.0302891 30.2724
629 209 -0.898384 0.43921 -0.999541 0.0302891 30.2724
629 209 -0.898384 0.43921 -0.999541 0.0302891 30.2724
629 209 -0.898384 0.43921 -0.999541 0.0302891 30.2724
629 209 -0.898384 0.43921 -0.999541 0.0302891 30.2724
629 209 -0.898384 0.43921 -0.999541 0.0302891 30.2724
629 209 -0.898384 0.43921 -0.999541 0.0302891 30.2724
629 209 -0.898384 0.43921 -0.999541 0.0302891 30.2724
629 209 -0.898384 0.43921 -0.999541 0.0302891 29.2673
628 208 -0.900284 0.435302 -0.998937 0.0461048 20.0576
626 207 -0.900159 0.435561 -0.998937 0.0461048 5.9018
625 207 -0.901972 0.431795 -0.998112 0.0614223 2.125
624 208 -0.900039 0.435809 -0.998937 0.0461048 0.0921617
619 211 -0.901523 0.432731 -0.998053 0.0623783 0.669324
617 214 -0.897921 0.440157 -0.998937 0.0461048 0.579633
616 215 -0.899606 0.436702 -0.998937 0.0461048 0.579633
615 215 -0.897854 0.440294 -0.998168 0.0604951 0.782352
613 214 -0.901125 0.43356 -0.998937 0.0461048 0
608 215 -0.899235 0.437466 -0.998969 0.0454077 0.00773907
605 214 -0.897554 0.440904 -0.999541 0.0302891 0
603 212 -0.900552 0.434749 -0.998999 0.0447313 0.756227
599 211 -0.897398 0.441221 -0.999555 0.0298375 0.559365
596 210 -0.898768 0.438424 -0.999555 0.0298375 0.559365
590 210 -0.898568 0.438835 -0.999555 0.0298375 0
586 210 -0.89577 0.444518 -0.999568 0.0293991 5.69176
577 211 -0.896939 0.442153 -0.999895 0.0144912 16.4896
575 211 -0.896905 0.442224 -0.999892 0.0147043 20.8052
571 211 -0.899235 0.437466 -0.999892 0.0147043 23.1416
568 212 -0.895626 0.444808 -1 0 31.0565
563 214 -0.895626 0.444808 -1 0 37.743
558 216 -0.896806 0.442424 -0.999895 -0.0144912 41.5031
553 219 -0.895626 0.444808 -1 0 47.2627
545 224 -0.895626 0.444808 -0.999898 -0.0142843 49.9088
543 225 -0.895626 0.444808 -1 0 49.033
538 236 -0.899235 0.437466 -0.999895 -0.0144912 36.0141
534 240 -0.900469 0.43492 -0.999898 -0.0142843 15.8576
528 246 -0.901618 0.432533 -1 0 2.52848
526 249 -0.899235 0.437466 -0.999895 -0.0144912 1.32623
523 253 -0.901618 0.432533 -0.999898 -0.0142843 0.117264
520 257 -0.901618 0.432533 -0.999895 -0.0144912 0.0213356
518 261 -0.901618 0.432533 -0.999898 -0.0142843 1.22359
516 265 -0.900388 0.435087 -0.999898 -0.0142843 1.22359
515 269 -0.902748 0.430169 -0.999898 -0.0142843 0
516 275 -0.900388 0.435087 -1 0 1.11023
516 277 -0.901523 0.432731 -0.999901 -0.0140831 0
518 281 -0.90031 0.435249 -0.999901 -0.0140831 0
520 284 -0.902533 0.43062 -0.999901 -0.0140831 7.68111
526 289 -0.90134 0.433112 -1 0 32.2622
528 291 -0.903618 0.428339 -0.999904 0.0138875 42.2566
533 295 -0.90243 0.430837 -1 0 52.3554
538 299 -0.903502 0.428584 -0.999904 0.0138875 54.9816
543 302 -0.905597 0.42414 -0.999614 0.0277671 55.8073
549 306 -0.904432 0.426619 -0.999625 0.027387 56.1485
557 308 -0.903277 0.429057 -0.998542 0.0539753 55.0184
569 311 -0.90386 0.427827 -0.998542 0.0539753 41.6847
572 312 -0.905237 0.424907 -0.998542 0.0539753 32.4593
582 315 -0.903469 0.428653 -0.998581 0.0532576 10.842
590 317 -0.906721 0.421731 -0.998581 0.0532576 2.1446
602 323 -0.904994 0.425424 -0.998653 0.0518781 0.906178
608 324 -0.908677 0.4175 -0.998653 0.0518781 0.818846
612 331 -0.909199 0.416362 -0.998688 0.0512148 0.906178
620 337 -0.906884 0.42138 -0.998721 0.0505681 0.906178
626 344 -0.907673 0.419677 -0.99928 0.0379473 0.906178
630 353 -0.908258 0.418411 -0.999298 0.0374737 0.991555
635 361 -0.911108 0.412168 -0.999695 0.0246838 1.38936
642 373 -0.910367 0.413803 -0.999695 0.0246838 4.18449
645 376 -0.913302 0.407283 -0.999924 0.0123447 10.4537
655 385 -0.910853 0.41273 -0.999929 0.0119039 30.1568
659 392 -0.911922 0.410365 -1 0 49.3586
661 398 -0.912509 0.409056 -1 0 57.3998
665 404 -0.913812 0.406138 -0.999931 0.0117639 60.2189
668 409 -0.911587 0.411108 -0.999931 0.0117639 54.6899
672 413 -0.920155 0.391555 -0.999931 0.0117639 30.0419
676 416 -0.914687 0.404164 -0.999932 0.0116271 9.84351
679 419 -0.920331 0.391141 -0.999932 0.0116271 1.16774
685 421 -0.914918 0.40364 -0.999932 0.0116271 1.16774
688 423 -0.911371 0.411587 -0.999932 0.0116271 1.16774
692 423 -0.926092 0.377297 -0.99973 0.0232495 1.80908
697 422 -0.925547 0.378633 -0.999932 0.0116271 2.16177
701 420 -0.932005 0.362446 -0.999934 0.0114935 2.16177
705 418 -0.919145 0.393919 -0.999736 0.0229824 0.629776
709 414 -0.928477 0.371391 -0.999935 0.0113629 2.16177
713 410 -0.948683 0.316228 -0.999935 0.0113629 3.13654
719 405 -0.948683 0.316228 -0.999937 0.0112352 15.0765
-1 -1 -0.873126 -0.487495 -1 0 30.2153
-1 -1 -0.875187 -0.483784 -0.999937 0.0112352 42.3533
-1 -1 -0.877756 -0.479108 -1 0 49.5312
-1 -1 -0.880314 -0.474391 -1 0 49.5312
-1 -1 -0.88337 -0.468677 -1 0 48.7132
-1 -1 -0.879292 -0.476283 -0.999935 -0.0113629 48.2332
-1 -1 -0.882862 -0.469633 -1 0 46.7472
-1 -1 -0.886914 -0.461934 -0.999934 -0.0114935 42.4195
-1 -1 -0.890936 -0.45413 -1 0 40.8303
-1 -1 -0.895915 -0.444225 -1 0 39.5573
-1 -1 -0.900349 -0.435169 -0.999934 -0.0114935 31.6499
-1 -1 -0.905217 -0.424949 -0.999932 -0.0116271 14.9178
-1 -1 -0.909543 -0.41561 -0.999931 -0.0117639 3.41825
-1 -1 -0.91334 -0.407197 -0.999931 -0.0117639 1.04647
-1 -1 -0.91709 -0.39868 -0.999929 -0.0119039 2.52246
715 305 -0.970143 0.242536 -0.999927 -0.0120473 1.95048
710 300 -0.913812 0.406138 -0.999926 -0.0121942 1.04647
705 295 -0.919145 0.393919 -0.999926 -0.0121942 1.52131
700 290 -0.921635 0.388057 -0.999924 -0.0123447 1.15517
694 285 -0.915315 0.402739 -0.999688 -0.0249922 10.7086
690 280 -0.924017 0.382352 -0.99968 -0.0253083 28.413
687 275 -0.916157 0.400819 -0.999671 -0.0256326 45.1706
683 272 -0.913812 0.406138 -0.999671 -0.0256326 51.9373
680 268 -0.916696 0.399585 -0.999242 -0.0389315 52.9024
678 264 -0.915644 0.40199 -0.999242 -0.0389315 52.2779
676 261 -0.914687 0.404164 -0.999222 -0.039443 49.7548
675 257 -0.918062 0.396436 -0.999645 -0.0266572 50.4015
673 254 -0.909688 0.415292 -0.999635 -0.0270172 50.4015
673 250 -0.909688 0.415292 -0.999625 -0.027387 48.8464
671 247 -0.916157 0.400819 -0.999157 -0.0410612 50.0393
674 236 -0.906183 0.422885 -0.999625 -0.027387 44.7636
675 233 -0.902481 0.43073 -0.999614 -0.0277671 31.2766
676 229 -0.906721 0.421731 -0.999604 -0.0281578 10.1667
678 225 -0.915644 0.40199 -0.999901 -0.0140831 0.559365
681 222 -0.912818 0.408366 -1 0 1.02558
684 219 -0.919145 0.393919 -0.999898 0.0142843 0
689 217 -0.906183 0.422885 -0.999898 0.0142843 0.960327
692 214 -0.913812 0.406138 -0.999901 0.0140831 0.960327
695 211 -0.923077 0.384615 -1 0 0.960327
699 208 -0.911922 0.410365 -0.999904 0.0138875 10.149
704 203 -0.928477 0.371391 -0.999906 -0.0136973 20.7733
710 199 -0.913812 0.406138 -0.999906 -0.0136973 28.6537
-1 -1 -0.979251 -0.202651 -0.999913 -0.0131568 0.146243
-1 -1 -0.979251 -0.202651 -0.999913 -0.0131568 0.146243
-1 -1 -0.979251 -0.202651 -0.999913 -0.0131568 0.146243
-1 -1 -0.979251 -0.202651 -0.999913 -0.0131568 0.146243
-1 -1 -0.979251 -0.202651 -0.999913 -0.0131568 0.146243
-1 -1 -0.979251 -0.202651 -0.999913 -0.0131568 0.146243
-1 -1 -0.979251 -0.202651 -0.999913 -0.0131568 0.146243
-1 -1 -0.979251 -0.202651 -0.999913 -0.0131568 0.146243
-1 -1 -0.979251 -0.202651 -0.999913 -0.0131568 0.146243
-1 -1 -0.979251 -0.202651 -0.999913 -0.0131568 0.146243
-1 -1 -0.979251 -0.202651 -0.999913 -0.0131568 0.146243
-1 -1 -0.979251 -0.202651 -0.999913 -0.0131568 0.146243
-1 -1 -0.979251 -0.202651 -0.999913 -0.0131568 0.146243
-1 -1 -0.979251 -0.202651 -0.999913 -0.0131568 0.41888
-1 -1 -0.979251 -0.202651 -0.999913 -0.0131568 0.41888
-1 -1 -0.979251 -0.202651 -0.999913 -0.0131568 0.41888
-1 -1 -0.979251 -0.202651 -0.999913 -0.0131568 0.41888
-1 -1 -0.979251 -0.202651 -0.999913 -0.0131568 0.41888
-1 -1 -0.979251 -0.202651 -0.999913 -0.0131568 0.41888
-1 -1 -0.979251 -0.202651 -0.999913 -0.0131568 0.0768251
-1 -1 -0.979251 -0.202651 -0.999913 -0.0131568 1.29955
-1 -1 -0.979251 -0.202651 -0.999911 -0.0133321 5.13984
-1 -1 -0.979251 -0.202651 -0.999645 -0.0266572 18.7169
-1 -1 -0.979251 -0.202651 -0.999645 -0.0266572 33.1145
-1 -1 -0.979251 -0.202651 -0.999645 -0.0266572 41.4843
-1 -1 -0.979251 -0.202651 -0.999645 -0.0266572 41.6543
-1 -1 -0.979251 -0.202651 -0.999654 -0.0263067 42.7057
-1 -1 -0.979251 -0.202651 -0.999654 -0.0263067 42.7057
-1 -1 -0.97898 -0.203954 -0.999913 -0.0131568 44.316
-1 -1 -0.97898 -0.203954 -0.999913 -0.0131568 44.316
-1 -1 -0.979251 -0.202651 -0.999654 -0.0263067 42.7057
-1 -1 -0.97898 -0.203954 -0.999913 -0.0131568 44.316
-1 -1 -0.97898 -0.203954 -0.999913 -0.0131568 44.316
-1 -1 -0.97898 -0.203954 -0.999913 -0.0131568 43.4442
-1 -1 -0.979251 -0.202651 -0.999654 -0.0263067 42.7057
-1 -1 -0.97898 -0.203954 -0.999913 -0.0131568 43.4442
-1 -1 -0.97898 -0.203954 -0.999913 -0.0131568 43.4442
-1 -1 -0.97898 -0.203954 -0.999913 -0.0131568 43.4442
-1 -1 -0.97898 -0.203954 -0.999913 -0.0131568 43.4442
-1 -1 -0.97898 -0.203954 -0.999654 -0.0263067 41.8339
-1 -1 -0.97898 -0.203954 -0.999913 -0.0131568 43.4442
-1 -1 -0.97898 -0.203954 -0.999913 -0.0131568 43.4442
-1 -1 -0.97898 -0.203954 -0.999913 -0.0131568 43.4442
-1 -1 -0.97898 -0.203954 -0.999913 -0.0131568 43.4442
-1 -1 -0.97898 -0.203954 -0.999913 -0.0131568 43.4442
-1 -1 -0.97898 -0.203954 -0.999913 -0.0131568 43.4442
-1 -1 -0.97898 -0.203954 -0.999913 -0.0131568 43.4442
-1 -1 -0.97898 -0.203954 -0.999913 -0.0131568 43.4442
-1 -1 -0.97898 -0.203954 -0.999913 -0.0131568 43.4442
-1 -1 -0.97898 -0.203954 -0.999913 -0.0131568 43.4442
-1 -1 -0.97898 -0.203954 -0.999913 -0.0131568 43.4442
-1 -1 -0.97898 -0.203954 -0.999913 -0.0131568 43.4442
