588 113 -0.903878 0.42779 -0.941075 0.338199 4.92813
588 113 -0.903878 0.42779 -0.941075 0.338199 4.92813
588 113 -0.903878 0.42779 -0.941075 0.338199 4.92813
588 113 -0.903878 0.42779 -0.941075 0.338199 6.44646
588 113 -0.903878 0.42779 -0.941075 0.338199 6.44646
588 113 -0.903878 0.42779 -0.941075 0.338199 6.44646
588 113 -0.903878 0.42779 -0.941075 0.338199 6.44646
588 113 -0.903878 0.42779 -0.941075 0.338199 6.44646
588 113 -0.903878 0.42779 -0.941075 0.338199 6.44646
588 113 -0.903878 0.42779 -0.941075 0.338199 6.44646
588 113 -0.903878 0.42779 -0.941075 0.338199 6.44646
588 113 -0.903878 0.42779 -0.941075 0.338199 6.44646
588 113 -0.903878 0.42779 -0.941075 0.338199 6.44646
588 113 -0.903878 0.42779 -0.941075 0.338199 6.44646
588 113 -0.903878 0.42779 -0.941075 0.338199 6.44646
588 113 -0.903878 0.42779 -0.941075 0.338199 6.44646
588 113 -0.903878 0.42779 -0.941075 0.338199 6.44646
588 113 -0.903878 0.42779 -0.941075 0.338199 6.44646
588 113 -0.903878 0.42779 -0.941075 0.338199 6.44646
588 113 -0.903878 0.42779 -0.941075 0.338199 6.44646
588 113 -0.903878 0.42779 -0.941075 0.338199 6.44646
588 113 -0.903878 0.42779 -0.941075 0.338199 6.44646
588 113 -0.903878 0.42779 -0.941075 0.338199 6.44646
588 113 -0.903878 0.42779 -0.941075 0.338199 6.44646
588 113 -0.903878 0.42779 -0.941075 0.338199 6.44646
588 113 -0.903878 0.42779 -0.941075 0.338199 6.44646
588 113 -0.903878 0.42779 -0.941075 0.338199 6.44646
588 113 -0.903878 0.42779 -0.941075 0.338199 6.44646
588 113 -0.903878 0.42779 -0.941075 0.338199 6.44646
588 113 -0.903878 0.42779 -0.941075 0.338199 6.44646
588 113 -0.903878 0.42779 -0.941075 0.338199 6.44646
588 113 -0.903878 0.42779 -0.941075 0.338199 6.44646
588 113 -0.903878 0.42779 -0.941075 0.338199 6.44646
588 113 -0.903878 0.42779 -0.941075 0.338199 6.44646
588 113 -0.903878 0.42779 -0.941075 0.338199 6.44646
588 113 -0.903878 0.42779 -0.941075 0.338199 6.44646
588 113 -0.903878 0.42779 -0.941075 0.338199 6.44646
588 113 -0.903878 0.42779 -0.941075 0.338199 6.44646
588 113 -0.903878 0.42779 -0.941075 0.338199 6.44646
588 113 -0.903878 0.42779 -0.941075 0.338199 6.44646
588 113 -0.903878 0.42779 -0.941075 0.338199 6.44646
588 113 -0.903878 0.42779 -0.941075 0.338199 6.44646
588 113 -0.903878 0.42779 -0.941075 0.338199 6.44646
588 113 -0.903878 0.42779 -0.941075 0.338199 6.44646
588 113 -0.903878 0.42779 -0.941075 0.338199 6.44646
588 113 -0.903878 0.42779 -0.941075 0.338199 6.44646
588 113 -0.903878 0.42779 -0.941075 0.338199 6.44646
588 113 -0.903878 0.42779 -0.941075 0.338199 6.44646
588 113 -0.903878 0.42779 -0.941075 0.338199 6.44646
588 113 -0.903878 0.42779 -0.941075 0.338199 6.44646
588 113 -0.903878 0.42779 -0.941075 0.338199 6.44646
588 113 -0.903878 0.42779 -0.941075 0.338199 6.44646
588 113 -0.903878 0.42779 -0.941075 0.338199 6.44646
588 113 -0.903878 0.42779 -0.941075 0.338199 6.44646
588 113 -0.903878 0.42779 -0.941075 0.338199 6.44646
588 113 -0.903878 0.42779 -0.941075 0.338199 6.44646
588 113 -0.903878 0.42779 -0.941075 0.338199 6.44646
588 113 -0.903878 0.42779 -0.941075 0.338199 6.44646
588 113 -0.903878 0.42779 -0.941075 0.338199 6.44646
588 113 -0.903878 0.42779 -0.941075 0.338199 6.44646
588 113 -0.903878 0.42779 -0.941075 0.338199 6.44646
588 113 -0.903878 0.42779 -0.941075 0.338199 6.44646
588 113 -0.903878 0.42779 -0.941075 0.338199 6.44646
588 113 -0.903878 0.42779 -0.941075 0.338199 6.44646
588 113 -0.903878 0.42779 -0.941075 0.338199 6.44646
588 113 -0.903878 0.42779 -0.941075 0.338199 6.44646
588 113 -0.903878 0.42779 -0.941075 0.338199 6.44646
588 113 -0.903878 0.42779 -0.941075 0.338199 6.44646
588 113 -0.903878 0.42779 -0.941075 0.338199 6.44646
588 113 -0.903878 0.42779 -0.941075 0.338199 6.44646
588 113 -0.903878 0.42779 -0.941075 0.338199 6.44646
588 113 -0.903878 0.42779 -0.941075 0.338199 6.44646
588 113 -0.903878 0.42779 -0.941075 0.338199 6.44646
588 113 -0.903878 0.42779 -0.941075 0.338199 4.92813
588 113 -0.903878 0.42779 -0.941075 0.338199 4.92813
588 113 -0.903878 0.42779 -0.941075 0.338199 4.92813
588 113 -0.903878 0.42779 -0.941075 0.338199 6.44646
588 113 -0.903878 0.42779 -0.941075 0.338199 6.44646
588 113 -0.903878 0.42779 -0.941075 0.338199 4.92813
588 112 -0.903878 0.42779 -0.941075 0.338199 3.13012
587 110 -0.902481 0.43073 -0.929491 0.368846 0
587 109 -0.899814 0.436274 -0.922194 0.386727 0
587 108 -0.899814 0.436274 -0.922194 0.386727 0
587 108 -0.902481 0.43073 -0.916835 0.399267 0
587 109 -0.902481 0.43073 -0.914429 0.404747 0
587 110 -0.902481 0.43073 -0.914429 0.404747 0
587 111 -0.899814 0.436274 -0.914429 0.404747 0
587 112 -0.899814 0.436274 -0.914429 0.404747 0
586 113 -0.9011 0.433612 -0.911922 0.410365 0
586 113 -0.903738 0.428086 -0.906183 0.422885 0
587 114 -0.902481 0.43073 -0.911922 0.410365 0
587 114 -0.902481 0.43073 -0.906183 0.422885 0
587 115 -0.902481 0.43073 -0.911922 0.410365 0
589 115 -0.902604 0.430473 -0.911922 0.410365 0
590 115 -0.904023 0.427484 -0.911922 0.410365 0
595 114 -0.900159 0.435561 -0.914429 0.404747 0
595 114 -0.902995 0.429651 -0.906183 0.422885 0
596 115 -0.901637 0.432493 -0.914429 0.404747 0
596 115 -0.904485 0.426505 -0.911922 0.410365 0
597 116 -0.900253 0.435368 -0.914429 0.404747 0
597 116 -0.903134 0.429359 -0.914429 0.404747 0
597 118 -0.903134 0.429359 -0.919923 0.392098 0
597 119 -0.903134 0.429359 -0.922194 0.386727 0
598 120 -0.901756 0.432246 -0.922194 0.386727 0
600 121 -0.901878 0.431992 -0.929491 0.368846 0
604 120 -0.902134 0.431455 -0.929491 0.368846 0
604 120 -0.902134 0.431455 -0.929491 0.368846 0
605 120 -0.903738 0.428086 -0.929491 0.368846 0
606 120 -0.902269 0.431173 -0.931457 0.363851 0
606 120 -0.902269 0.431173 -0.936329 0.351123 0
606 120 -0.89915 0.43764 -0.936329 0.351123 0
606 119 -0.902269 0.431173 -0.931457 0.363851 0
605 119 -0.900658 0.434528 -0.934488 0.355995 0
604 119 -0.902134 0.431455 -0.934488 0.355995 0
601 119 -0.903426 0.428744 -0.929491 0.368846 0
600 119 -0.901878 0.431992 -0.929491 0.368846 0
599 119 -0.903278 0.429057 -0.927441 0.373968 0
599 119 -0.900349 0.435169 -0.927441 0.373968 0
598 118 -0.901756 0.432246 -0.922194 0.386727 0
597 118 -0.903134 0.429359 -0.922194 0.386727 0
596 117 -0.904485 0.426505 -0.919923 0.392098 0
592 120 -0.901412 0.432962 -0.925305 0.379223 0
590 120 -0.904023 0.427484 -0.925305 0.379223 0
590 121 -0.901305 0.433185 -0.932568 0.360994 0
588 122 -0.903878 0.42779 -0.937566 0.347807 0
587 123 -0.902481 0.43073 -0.942428 0.33441 0
582 126 -0.903469 0.428653 -0.948683 0.316228 0
580 128 -0.900814 0.434205 -0.958647 0.284598 0
578 129 -0.900724 0.434392 -0.958647 0.284598 0
572 131 -0.902861 0.429934 -0.962651 0.270746 0
569 132 -0.901523 0.432731 -0.966485 0.256723 0
566 133 -0.900234 0.435407 -0.966485 0.256723 0
562 133 -0.90243 0.430837 -0.96373 0.266879 0
557 134 -0.90243 0.430837 -0.962651 0.270746 0
549 136 -0.902329 0.431049 -0.962651 0.270746 0.355807
549 134 -0.900234 0.435407 -0.962651 0.270746 0
542 135 -0.902329 0.431049 -0.959835 0.280567 0
539 134 -0.902329 0.431049 -0.955779 0.294086 0.3043
536 133 -0.903388 0.428824 -0.955779 0.294086 0.954075
538 131 -0.90243 0.430837 -0.955779 0.294086 0
536 130 -0.90243 0.430837 -0.951571 0.30743 0.214137
534 130 -0.901252 0.433294 -0.951571 0.30743 0
532 129 -0.901252 0.433294 -0.952926 0.303204 0
526 130 -0.901083 0.433646 -0.947216 0.320596 0.869658
526 126 -0.901252 0.433294 -0.948683 0.316228 0
519 126 -0.901083 0.433646 -0.944304 0.329075 0.155486
518 122 -0.900087 0.435711 -0.942722 0.333579 0.155486
513 119 -0.902329 0.431049 -0.942722 0.333579 0.0515227
505 118 -0.899947 0.435999 -0.944304 0.329075 0.649932
506 114 -0.901167 0.433473 -0.939793 0.341743 0.649932
501 111 -0.901167 0.433473 -0.944304 0.329075 0
495 106 -0.90223 0.431255 -0.944304 0.329075 0
489 102 -0.90223 0.431255 -0.939793 0.341743 0
479 100 -0.902041 0.431651 -0.939793 0.341743 0.649932
478 94 -0.90223 0.431255 -0.939793 0.341743 0
454 93 -0.899947 0.435999 -0.938097 0.346374 0.548426
451 88 -0.899947 0.435999 -0.939793 0.341743 0
448 84 -0.898822 0.438314 -0.939793 0.341743 0.527618
445 80 -0.89988 0.436138 -0.939793 0.341743 0
443 77 -0.898932 0.438087 -0.939793 0.341743 0.527618
444 72 -0.900388 0.435087 -0.939793 0.341743 0
441 70 -0.901716 0.432329 -0.939793 0.341743 0.527618
444 67 -0.900814 0.434205 -0.939793 0.341743 0
444 65 -0.902247 0.431221 -0.939793 0.341743 0.527618
445 65 -0.901002 0.433816 -0.942722 0.333579 0
446 65 -0.899734 0.436438 -0.942722 0.333579 0
449 64 -0.899814 0.436274 -0.944304 0.329075 0
451 64 -0.899814 0.436274 -0.947216 0.320596 0.0515227
454 64 -0.899814 0.436274 -0.945687 0.32508 0.011415
443 51 -0.908677 0.4175 -0.951571 0.30743 0
447 53 -0.906792 0.421579 -0.95448 0.298275 0.0649247
453 54 -0.906582 0.42203 -0.95448 0.298275 0
457 57 -0.907311 0.420461 -0.95448 0.298275 0.163234
460 62 -0.905129 0.425136 -0.953124 0.302579 0
468 65 -0.90467 0.426113 -0.958647 0.284598 0
472 70 -0.905094 0.425212 -0.957407 0.288742 0
477 74 -0.904819 0.425797 -0.957407 0.288742 0.0674772
482 79 -0.906031 0.423212 -0.961524 0.274721 0.0920849
486 83 -0.906031 0.423212 -0.956112 0.293002 0
491 88 -0.906183 0.422885 -0.960346 0.27881 0.3043
495 93 -0.905094 0.425212 -0.960346 0.27881 0.189276
499 97 -0.905094 0.425212 -0.960346 0.27881 0
502 101 -0.905094 0.425212 -0.960346 0.27881 0
504 104 -0.905094 0.425212 -0.960346 0.27881 0.314523
507 107 -0.906339 0.42255 -0.960346 0.27881 0.314523
509 110 -0.906339 0.42255 -0.963291 0.268458 0.314523
511 112 -0.906339 0.42255 -0.963291 0.268458 0.314523
513 114 -0.906339 0.42255 -0.963291 0.268458 0
515 116 -0.905237 0.424907 -0.963291 0.268458 0
517 117 -0.907598 0.419841 -0.959115 0.283017 1.18586
518 119 -0.905237 0.424907 -0.963291 0.268458 0
520 120 -0.904116 0.427288 -0.96728 0.253713 2.12505
521 120 -0.9065 0.422206 -0.96728 0.253713 5.03923
522 120 -0.9065 0.422206 -0.96728 0.253713 5.03923
523 120 -0.904116 0.427288 -0.968277 0.249878 10.9672
547 119 -0.911808 0.410616 -0.965468 0.260523 12.9553
547 119 -0.911808 0.410616 -0.964404 0.264433 15.2474
547 119 -0.911808 0.410616 -0.968277 0.249878 13.7498
547 119 -0.911808 0.410616 -0.968277 0.249878 14.9267
547 119 -0.911808 0.410616 -0.968277 0.249878 13.8768
547 119 -0.911808 0.410616 -0.968277 0.249878 15.0289
547 119 -0.90954 0.415617 -0.968277 0.249878 15.0289
548 119 -0.910782 0.412888 -0.969231 0.246154 15.1906
548 119 -0.910782 0.412888 -0.969231 0.246154 15.4723
548 119 -0.910782 0.412888 -0.969231 0.246154 16.6912
548 119 -0.910782 0.412888 -0.972806 0.231621 21.0226
548 119 -0.90954 0.415617 -0.969231 0.246154 34.0711
548 119 -0.90954 0.415617 -0.969231 0.246154 41.6426
548 118 -0.911808 0.410616 -0.965468 0.260523 45.666
549 118 -0.910782 0.412888 -0.965468 0.260523 47.7972
549 118 -0.910782 0.412888 -0.965468 0.260523 48.3198
549 118 -0.910782 0.412888 -0.965468 0.260523 47.7972
549 118 -0.910782 0.412888 -0.965468 0.260523 44.9604
549 118 -0.910782 0.412888 -0.965468 0.260523 39.9465
549 118 -0.910782 0.412888 -0.965468 0.260523 32.3609
549 118 -0.90954 0.415617 -0.965468 0.260523 23.6987
549 118 -0.911808 0.410616 -0.965468 0.260523 16.3876
550 118 -0.910782 0.412888 -0.966485 0.256723 11.1838
550 118 -0.910782 0.412888 -0.965468 0.260523 6.82149
550 119 -0.90849 0.417906 -0.969231 0.246154 1.86073
550 119 -0.90849 0.417906 -0.965468 0.260523 0.984157
550 119 -0.90849 0.417906 -0.965468 0.260523 0.95233
550 119 -0.90849 0.417906 -0.965468 0.260523 0.792749
550 119 -0.90849 0.417906 -0.965468 0.260523 1.76074
550 119 -0.910782 0.412888 -0.965468 0.260523 0.726356
550 119 -0.910782 0.412888 -0.965468 0.260523 0.726356
550 119 -0.911808 0.410616 -0.961524 0.274721 0.828338
550 120 -0.90954 0.415617 -0.965468 0.260523 0.788993
551 120 -0.910782 0.412888 -0.961524 0.274721 0.828338
552 121 -0.90849 0.417906 -0.965468 0.260523 0
553 121 -0.90954 0.415617 -0.961524 0.274721 0
556 121 -0.911808 0.410616 -0.961524 0.274721 0
560 121 -0.910572 0.413352 -0.961524 0.274721 0.726356
565 121 -0.909346 0.416041 -0.966485 0.256723 0
574 119 -0.910151 0.414276 -0.962651 0.270746 0
579 118 -0.911922 0.410365 -0.966485 0.256723 0
588 116 -0.911791 0.410654 -0.967459 0.253028 0
593 115 -0.911108 0.412168 -0.968392 0.249434 0
600 113 -0.910628 0.413226 -0.968392 0.249434 0.792749
605 111 -0.909819 0.415005 -0.968392 0.249434 5.57961
611 109 -0.910655 0.413168 -0.97265 0.232275 9.66246
617 106 -0.911587 0.411108 -0.97265 0.232275 14.6538
619 104 -0.911922 0.410365 -0.97185 0.2356 22.6881
621 103 -0.91227 0.40959 -0.97265 0.232275 30.5377
625 100 -0.913009 0.40794 -0.968392 0.249434 36.5424
625 100 -0.913009 0.40794 -0.968392 0.249434 44.6382
626 99 -0.911371 0.411587 -0.969286 0.245938 49.8315
626 99 -0.911371 0.411587 -0.965755 0.259457 51.7783
626 99 -0.911371 0.411587 -0.965755 0.259457 51.7783
626 99 -0.911371 0.411587 -0.965755 0.259457 51.7783
626 99 -0.911371 0.411587 -0.964764 0.263117 49.2318
626 99 -0.911371 0.411587 -0.964764 0.263117 47.0205
627 99 -0.909688 0.415292 -0.965755 0.259457 44.2517
627 98 -0.913402 0.407059 -0.960973 0.276644 38.2427
627 98 -0.909688 0.415292 -0.964764 0.263117 32.468
628 97 -0.911734 0.410781 -0.964764 0.263117 24.0378
629 97 -0.913812 0.406138 -0.960973 0.276644 17.1427
633 96 -0.910729 0.413005 -0.964764 0.263117 11.6325
635 96 -0.911108 0.412168 -0.964764 0.263117 6.97229
636 96 -0.913357 0.407159 -0.968392 0.249434 2.67555
638 97 -0.909596 0.415494 -0.969286 0.245938 0
642 96 -0.910367 0.413803 -0.965755 0.259457 0.783234
643 97 -0.912818 0.408366 -0.964764 0.263117 0.906245
647 98 -0.909065 0.416655 -0.964764 0.263117 0.906245
648 99 -0.911681 0.410899 -0.964764 0.263117 0.906245
649 100 -0.914349 0.404926 -0.965755 0.259457 0
650 102 -0.912169 0.409815 -0.965755 0.259457 0.922484
652 103 -0.912685 0.408665 -0.968392 0.249434 0
653 105 -0.91552 0.402274 -0.964764 0.263117 0
654 107 -0.913231 0.407442 -0.964764 0.263117 0.783234
655 109 -0.910853 0.41273 -0.969286 0.245938 0
657 111 -0.911371 0.411587 -0.968392 0.249434 0
659 113 -0.911922 0.410365 -0.969286 0.245938 0.783234
660 115 -0.909308 0.416124 -0.969286 0.245938 0
663 116 -0.913138 0.407651 -0.970142 0.242536 0
663 118 -0.919145 0.393919 -0.965755 0.259457 0.826992
667 120 -0.914535 0.404506 -0.969286 0.245938 1.76625
668 122 -0.911587 0.411108 -0.970142 0.242536 6.57233
668 124 -0.918211 0.396091 -0.969286 0.245938 13.574
670 125 -0.919145 0.393919 -0.970142 0.242536 16.8602
670 127 -0.919145 0.393919 -0.970142 0.242536 17.3217
670 129 -0.91227 0.40959 -0.973417 0.229039 17.4585
669 130 -0.915315 0.402739 -0.970142 0.242536 19.4493
667 132 -0.914535 0.404506 -0.970142 0.242536 20.7887
666 133 -0.917345 0.398093 -0.970142 0.242536 20.7887
665 135 -0.913812 0.406138 -0.974153 0.22589 19.7751
663 137 -0.913138 0.407651 -0.970965 0.239223 17.6698
662 137 -0.915788 0.401661 -0.970142 0.242536 18.4922
661 139 -0.912509 0.409056 -0.970965 0.239223 19.0092
660 140 -0.915086 0.403258 -0.970142 0.242536 18.4922
660 142 -0.909308 0.416124 -0.970965 0.239223 17.6698
656 144 -0.913812 0.406138 -0.970965 0.239223 18.6313
655 146 -0.910853 0.41273 -0.970965 0.239223 18.4922
652 148 -0.912685 0.408665 -0.970965 0.239223 19.4493
651 150 -0.914918 0.40364 -0.967617 0.252422 18.4922
668 153 -0.918211 0.396091 -0.971754 0.235997 17.8336
667 156 -0.914535 0.404506 -0.971754 0.235997 17.8336
666 158 -0.917345 0.398093 -0.968493 0.249041 18.2986
663 161 -0.919145 0.393919 -0.969334 0.245747 16.0775
663 163 -0.919145 0.393919 -0.968493 0.249041 13.9658
662 165 -0.921635 0.388057 -0.966009 0.258509 8.46517
660 169 -0.920752 0.390149 -0.966009 0.258509 4.2714
661 171 -0.918324 0.395829 -0.966009 0.258509 2.15163
659 175 -0.911922 0.410365 -0.965081 0.261951 2.15163
659 177 -0.911922 0.410365 -0.966009 0.258509 2.99797
658 179 -0.914429 0.404747 -0.965081 0.261951 1.86964
658 181 -0.914429 0.404747 -0.966009 0.258509 1.96686
658 183 -0.914429 0.404747 -0.96254 0.271138 1.09108
658 185 -0.914429 0.404747 -0.96254 0.271138 1.09108
658 188 -0.914429 0.404747 -0.965081 0.261951 0.770952
659 190 -0.911922 0.410365 -0.96254 0.271138 3.71341
659 192 -0.917556 0.397607 -0.961524 0.274721 12.6811
661 194 -0.918324 0.395829 -0.966009 0.258509 19.9167
661 196 -0.918324 0.395829 -0.965081 0.261951 24.2914
662 198 -0.915788 0.401661 -0.966009 0.258509 26.6326
662 199 -0.921635 0.388057 -0.966009 0.258509 25.3236
666 200 -0.917345 0.398093 -0.96254 0.271138 26.2914
667 201 -0.914535 0.404506 -0.9669 0.255154 28.0279
670 201 -0.919145 0.393919 -0.963518 0.267644 30.8923
673 201 -0.91707 0.398726 -0.963518 0.267644 32.1265
675 200 -0.925547 0.378633 -0.963518 0.267644 32.1265
676 200 -0.922441 0.386138 -0.963518 0.267644 32.875
679 200 -0.920331 0.391141 -0.964458 0.264235 33.6144
681 200 -0.921635 0.388057 -0.964458 0.264235 32.5266
682 201 -0.917857 0.396911 -0.965363 0.260909 32.5266
684 201 -0.919145 0.393919 -0.965363 0.260909 31.5858
686 201 -0.920582 0.39055 -0.965363 0.260909 31.5858
676 224 -0.922441 0.386138 -0.967758 0.251882 33.6144
676 225 -0.922441 0.386138 -0.967758 0.251882 33.2399
678 226 -0.923742 0.383015 -0.967758 0.251882 33.0385
678 227 -0.923742 0.383015 -0.968583 0.24869 33.0385
678 228 -0.923742 0.383015 -0.965363 0.260909 33.0385
677 230 -0.926947 0.375193 -0.965363 0.260909 35.1218
677 231 -0.926947 0.375193 -0.965363 0.260909 33.7601
677 232 -0.926947 0.375193 -0.962013 0.273004 33.0385
677 234 -0.919145 0.393919 -0.962013 0.273004 33.7601
676 236 -0.922441 0.386138 -0.962013 0.273004 33.7601
674 238 -0.928477 0.371391 -0.962013 0.273004 33.7601
673 240 -0.924261 0.38176 -0.962964 0.26963 33.0385
673 242 -0.924261 0.38176 -0.962964 0.26963 33.1953
672 244 -0.92711 0.374789 -0.959569 0.281474 34.5094
671 247 -0.923077 0.384615 -0.962964 0.26963 32.4683
669 250 -0.921982 0.387232 -0.960564 0.278058 32.6986
668 251 -0.924678 0.38075 -0.960564 0.278058 27.2221
668 254 -0.918211 0.396091 -0.962964 0.26963 19.7752
667 256 -0.920967 0.38964 -0.959569 0.281474 9.75113
667 257 -0.920967 0.38964 -0.956054 0.29319 4.11137
667 258 -0.920967 0.38964 -0.956054 0.29319 1.25984
667 259 -0.920967 0.38964 -0.95713 0.289658 1.13444
664 261 -0.92258 0.385806 -0.956054 0.29319 1.13444
664 262 -0.916539 0.399944 -0.95713 0.289658 2.13952
666 261 -0.923592 0.383378 -0.952424 0.304776 1.13444
666 262 -0.917345 0.398093 -0.956054 0.29319 1.009
666 262 -0.923592 0.383378 -0.956054 0.29319 0
666 262 -0.923592 0.383378 -0.953583 0.301131 1.08576
660 281 -0.926295 0.376798 -0.958536 0.28497 1.67477
660 282 -0.926295 0.376798 -0.958536 0.28497 2.49284
660 281 -0.926295 0.376798 -0.959569 0.281474 2.07013
660 281 -0.926295 0.376798 -0.962964 0.26963 0.954108
660 281 -0.926295 0.376798 -0.966235 0.257663 0
659 280 -0.928477 0.371391 -0.968583 0.24869 0
659 278 -0.928477 0.371391 -0.965363 0.260909 0.00386429
659 277 -0.928477 0.371391 -0.967758 0.251882 0
659 276 -0.923077 0.384615 -0.97092 0.239405 0
659 275 -0.923077 0.384615 -0.9669 0.255154 0
659 274 -0.928477 0.371391 -0.9669 0.255154 0
659 274 -0.923077 0.384615 -0.9669 0.255154 0
659 273 -0.928477 0.371391 -0.9669 0.255154 0.0399904
659 273 -0.928477 0.371391 -0.9669 0.255154 0.125986
659 274 -0.923077 0.384615 -0.97092 0.239405 0
659 274 -0.923077 0.384615 -0.97092 0.239405 0
659 274 -0.923077 0.384615 -0.97092 0.239405 0
659 273 -0.928477 0.371391 -0.967758 0.251882 0.608711
659 273 -0.928477 0.371391 -0.970142 0.242536 0
659 272 -0.928477 0.371391 -0.967758 0.251882 0
659 272 -0.928477 0.371391 -0.970142 0.242536 0
659 271 -0.928477 0.371391 -0.97092 0.239405 0
659 270 -0.928477 0.371391 -0.967758 0.251882 0
659 270 -0.923077 0.384615 -0.97092 0.239405 0
658 269 -0.925305 0.379223 -0.967758 0.251882 0.32274
656 269 -0.924374 0.381488 -0.97092 0.239405 0.32274
658 268 -0.925305 0.379223 -0.963518 0.267644 1.65921
655 269 -0.926467 0.376377 -0.967758 0.251882 0.357124
655 270 -0.926467 0.376377 -0.963518 0.267644 0.516084
655 270 -0.926467 0.376377 -0.967758 0.251882 2.32981
655 271 -0.926467 0.376377 -0.97092 0.239405 0
655 271 -0.926467 0.376377 -0.968583 0.24869 0.809036
654 271 -0.928477 0.371391 -0.967758 0.251882 0.809036
654 271 -0.923497 0.383606 -0.967758 0.251882 2.68053
653 270 -0.925547 0.378633 -0.964458 0.264235 0.954141
652 269 -0.927519 0.373776 -0.963518 0.267644 1.43163
649 269 -0.928477 0.371391 -0.963518 0.267644 1.76811
648 269 -0.930273 0.366868 -0.963518 0.267644 2.10357
648 269 -0.930273 0.366868 -0.963518 0.267644 2.63661
648 270 -0.925754 0.378125 -0.9669 0.255154 2.96312
648 269 -0.930273 0.366868 -0.963518 0.267644 4.97772
648 269 -0.925754 0.378125 -0.967758 0.251882 5.49147
648 268 -0.925754 0.378125 -0.9669 0.255154 3.5165
648 267 -0.925754 0.378125 -0.967758 0.251882 6.08546
647 265 -0.927586 0.373611 -0.964458 0.264235 6.1233
646 263 -0.929352 0.369195 -0.967758 0.251882 6.69707
642 262 -0.927643 0.373467 -0.967758 0.251882 2.92073
641 260 -0.929296 0.369336 -0.967758 0.251882 6.62917
640 259 -0.92685 0.375433 -0.97092 0.239405 2.83326
636 258 -0.929247 0.36946 -0.967758 0.251882 5.30485
635 256 -0.926947 0.375193 -0.971668 0.236352 6.04889
630 255 -0.927033 0.37498 -0.97092 0.239405 5.00801
629 253 -0.924891 0.380233 -0.97092 0.239405 5.00801
623 251 -0.926467 0.376377 -0.970142 0.242536 5.87915
621 248 -0.925848 0.377897 -0.97092 0.239405 5.87915
619 245 -0.925252 0.379353 -0.970142 0.242536 5.48509
614 243 -0.928477 0.371391 -0.97092 0.239405 6.36349
612 241 -0.924857 0.380315 -0.97394 0.226808 4.25438
606 239 -0.926198 0.377037 -0.97394 0.226808 6.36349
603 237 -0.926814 0.37552 -0.97324 0.229793 6.44933
597 236 -0.925305 0.379223 -0.976187 0.21693 4.25438
594 233 -0.9259 0.377767 -0.976187 0.21693 6.36349
593 225 -0.911108 0.412168 -0.968583 0.24869 3.68752
591 222 -0.910853 0.41273 -0.965363 0.260909 5.87915
589 221 -0.910606 0.413275 -0.965363 0.260909 8.00708
583 221 -0.909908 0.414811 -0.968583 0.24869 5.48509
581 220 -0.912169 0.409815 -0.965363 0.260909 5.87915
580 219 -0.910815 0.412815 -0.968583 0.24869 5.87915
579 218 -0.911922 0.410365 -0.965363 0.260909 5.87915
577 218 -0.911681 0.410899 -0.967758 0.251882 7.31944
572 219 -0.909942 0.414735 -0.967758 0.251882 5.58731
559 215 -0.907627 0.419778 -0.963518 0.267644 4.95064
558 214 -0.908619 0.417626 -0.958934 0.283628 4.72288
557 213 -0.907467 0.420124 -0.955195 0.295976 4.46232
556 212 -0.906325 0.422581 -0.953994 0.299827 3.34389
554 210 -0.908281 0.41836 -0.948683 0.316228 4.71574
549 210 -0.906863 0.421425 -0.948683 0.316228 4.18881
548 208 -0.907804 0.419395 -0.94299 0.33282 1.34016
548 205 -0.907804 0.419395 -0.94299 0.33282 2.75401
548 203 -0.907804 0.419395 -0.935159 0.354227 1.04407
548 199 -0.907804 0.419395 -0.94299 0.33282 2.85533
548 198 -0.907804 0.419395 -0.941424 0.337226 4.50072
549 197 -0.906863 0.421425 -0.947281 0.320404 2.57163
549 197 -0.906863 0.421425 -0.945822 0.324685 2.89173
550 196 -0.905909 0.423472 -0.955475 0.295073 1.97387
551 196 -0.904941 0.425538 -0.960466 0.278396 0.435525
551 195 -0.904941 0.425538 -0.964116 0.265481 0.325721
551 194 -0.904941 0.425538 -0.968493 0.249041 1.82754
551 193 -0.904941 0.425538 -0.968493 0.249041 1.98281
550 193 -0.905909 0.423472 -0.975536 0.219839 1.5491
550 192 -0.905909 0.423472 -0.97898 0.203954 1.5491
549 192 -0.906863 0.421425 -0.986757 0.162207 0.140795
547 192 -0.907804 0.419395 -0.990747 0.135719 0
546 193 -0.906863 0.421425 -0.994207 0.107482 1.1384
544 194 -0.904941 0.425538 -0.996815 0.0797452 1.38758
542 187 -0.905909 0.423472 -0.997785 0.066519 0.780454
539 188 -0.904941 0.425538 -0.998618 0.0525588 0.939538
536 190 -0.904941 0.425538 -0.998581 0.0532576 0.83815
533 191 -0.905066 0.425272 -0.999201 0.039968 0
526 194 -0.904941 0.425538 -0.999201 0.039968 0
527 193 -0.905325 0.42472 -0.999179 0.0405073 0
519 197 -0.904072 0.42738 -0.999157 0.0410612 1.00006
520 196 -0.904432 0.426619 -0.999157 0.0410612 0
512 200 -0.904189 0.427132 -0.99846 0.05547 0.368159
509 201 -0.904309 0.426879 -0.997529 0.0702486 0
505 203 -0.905459 0.424434 -0.997459 0.071247 0
504 203 -0.90662 0.421949 -0.993346 0.115171 0
504 204 -0.903388 0.428824 -0.993151 0.116841 0
504 203 -0.90662 0.421949 -0.989044 0.147619 0
505 203 -0.903388 0.428824 -0.989044 0.147619 0
506 202 -0.904557 0.426352 -0.98387 0.178885 0
506 201 -0.903388 0.428824 -0.983382 0.181547 0
507 200 -0.904557 0.426352 -0.980581 0.196116 0
508 199 -0.903502 0.428584 -0.9769 0.213697 0
508 198 -0.904557 0.426352 -0.9769 0.213697 0
509 198 -0.903502 0.428584 -0.973616 0.228191 0
509 197 -0.904557 0.426352 -0.972806 0.231621 0
510 196 -0.903502 0.428584 -0.9769 0.213697 0
508 192 -0.903502 0.428584 -0.973616 0.228191 0
508 192 -0.903502 0.428584 -0.976187 0.21693 0
508 192 -0.901252 0.433294 -0.976187 0.21693 0
508 192 -0.903502 0.428584 -0.976187 0.21693 0
508 192 -0.903502 0.428584 -0.976187 0.21693 0
508 192 -0.903502 0.428584 -0.9769 0.213697 0
508 192 -0.902329 0.431049 -0.973616 0.228191 0
509 192 -0.904557 0.426352 -0.973616 0.228191 0
511 193 -0.90223 0.431255 -0.9769 0.213697 0
515 194 -0.903277 0.429057 -0.977582 0.210556 0
522 196 -0.902134 0.431455 -0.981148 0.193256 0
529 198 -0.901002 0.433816 -0.981692 0.190477 0
541 198 -0.90223 0.431255 -0.981692 0.190477 0
547 203 -0.903064 0.429506 -0.982212 0.187776 0.425204
560 204 -0.90223 0.431255 -0.987167 0.159689 0
568 208 -0.902639 0.430398 -0.98995 0.141421 0
579 210 -0.902025 0.431683 -0.98995 0.141421 0
590 211 -0.904023 0.427484 -0.990226 0.139469 0
600 212 -0.904819 0.425797 -0.990226 0.139469 0
593 220 -0.905631 0.424066 -0.993533 0.113547 0
598 222 -0.904649 0.426157 -0.993712 0.111968 0
604 222 -0.90819 0.418557 -0.995037 0.0995037 0
607 224 -0.903902 0.427739 -0.995175 0.0981158 0
609 225 -0.904072 0.42738 -0.996448 0.0842069 0.599373
610 225 -0.905758 0.423795 -0.996448 0.0842069 0.599373
615 223 -0.907959 0.419058 -0.996546 0.0830455 0.599373
617 223 -0.904819 0.425797 -0.996448 0.0842069 0.509365
619 222 -0.905024 0.425361 -0.996546 0.0830455 1.69
623 219 -0.905459 0.424434 -0.996546 0.0830455 0.684894
625 217 -0.90569 0.42394 -0.996546 0.0830455 0.931877
630 214 -0.904358 0.426776 -0.997597 0.0692776 0.509365
631 212 -0.910366 0.413803 -0.996546 0.0830455 0
650 210 -0.907188 0.420725 -0.996639 0.0819155 0.422132
654 208 -0.907959 0.419058 -0.996546 0.0830455 0
655 206 -0.910853 0.41273 -0.996546 0.0830455 0.684894
659 204 -0.906183 0.422885 -0.996546 0.0830455 0
660 202 -0.909308 0.416124 -0.996546 0.0830455 0.684894
663 200 -0.907009 0.421111 -0.997597 0.0692776 0
664 198 -0.910367 0.413803 -0.997597 0.0692776 0
665 195 -0.913812 0.406138 -0.997597 0.0692776 0
668 193 -0.911587 0.411108 -0.998417 0.0562488 0.684894
669 191 -0.90849 0.417906 -0.997597 0.0692776 0.76905
670 189 -0.905237 0.424907 -0.999108 0.0422159 0.76905
671 186 -0.909065 0.416655 -0.99846 0.05547 1.91123
673 183 -0.909688 0.415292 -0.999133 0.0416305 0.85143
674 181 -0.906183 0.422885 -0.999133 0.0416305 0
674 178 -0.913812 0.406138 -0.999614 0.0277671 0
677 174 -0.911108 0.412168 -0.999614 0.0277671 0
678 170 -0.907311 0.420461 -0.999614 0.0277671 0
680 165 -0.907959 0.419058 -0.999614 0.0277671 0.210528
680 161 -0.907959 0.419058 -0.999133 0.0416305 0.293429
680 157 -0.907959 0.419058 -0.999133 0.0416305 0
678 152 -0.915644 0.40199 -0.997529 0.0702486 0.210528
677 148 -0.911108 0.412168 -0.995037 0.0995037 0
674 145 -0.906183 0.422885 -0.993533 0.113547 0.210904
671 143 -0.909065 0.416655 -0.98995 0.141421 0
667 141 -0.914535 0.404506 -0.987167 0.159689 0
665 140 -0.913812 0.406138 -0.987167 0.159689 0.281273
662 140 -0.909819 0.415005 -0.981692 0.190477 0.281273
658 140 -0.90883 0.417168 -0.978234 0.207504 0.253075
654 140 -0.907959 0.419058 -0.971015 0.239019 0.212258
650 140 -0.907188 0.420725 -0.966485 0.256723 0.28068
648 139 -0.906835 0.421487 -0.961524 0.274721 0.28068
644 140 -0.906183 0.422885 -0.960346 0.27881 0
647 125 -0.904249 0.427006 -0.951709 0.307003 0.158526
644 126 -0.906183 0.422885 -0.951709 0.307003 0.158526
644 126 -0.906183 0.422885 -0.951709 0.307003 0.158526
644 126 -0.906183 0.422885 -0.951709 0.307003 0.158526
647 125 -0.904249 0.427006 -0.951709 0.307003 0.348008
645 125 -0.903986 0.427561 -0.951709 0.307003 0
645 125 -0.903986 0.427561 -0.951709 0.307003 0.219208
648 124 -0.901919 0.431905 -0.951709 0.307003 0
648 123 -0.901919 0.431905 -0.951709 0.307003 0.219208
648 123 -0.901919 0.431905 -0.945538 0.325513 0
648 123 -0.901919 0.431905 -0.945538 0.325513 0.219208
648 123 -0.901919 0.431905 -0.945538 0.325513 0
648 123 -0.901919 0.431905 -0.945538 0.325513 0
648 123 -0.901919 0.431905 -0.945538 0.325513 0
644 124 -0.906183 0.422885 -0.943858 0.33035 0.0920076
643 124 -0.908309 0.4183 -0.943858 0.33035 0
642 125 -0.905882 0.423529 -0.942103 0.335325 0.0920076
639 127 -0.898876 0.438202 -0.943858 0.33035 0
638 127 -0.901002 0.433816 -0.942103 0.335325 0
637 127 -0.903064 0.429506 -0.942103 0.335325 0
637 127 -0.903064 0.429506 -0.942103 0.335325 0
637 127 -0.903064 0.429506 -0.942103 0.335325 0
637 127 -0.903064 0.429506 -0.942103 0.335325 0.219208
637 127 -0.903064 0.429506 -0.947066 0.321039 0
637 127 -0.903064 0.429506 -0.948683 0.316228 0
637 127 -0.903064 0.429506 -0.948683 0.316228 0
637 127 -0.903064 0.429506 -0.948683 0.316228 0
638 127 -0.901002 0.433816 -0.95023 0.311551 0
638 127 -0.901002 0.433816 -0.959115 0.283017 0
638 127 -0.901002 0.433816 -0.954758 0.297384 0
638 127 -0.901002 0.433816 -0.95023 0.311551 0
638 127 -0.901002 0.433816 -0.95023 0.311551 0
638 127 -0.901002 0.433816 -0.95023 0.311551 0
638 127 -0.901002 0.433816 -0.95023 0.311551 1.88114
638 127 -0.901002 0.433816 -0.948683 0.316228 3.15062
638 127 -0.901002 0.433816 -0.948683 0.316228 6.69705
638 127 -0.901002 0.433816 -0.948683 0.316228 8.34935
638 127 -0.901002 0.433816 -0.948683 0.316228 10.7913
638 127 -0.901002 0.433816 -0.948683 0.316228 12.2698
638 127 -0.901002 0.433816 -0.948683 0.316228 13.074
638 127 -0.901002 0.433816 -0.948683 0.316228 13.074
638 127 -0.901002 0.433816 -0.948683 0.316228 13.074
638 127 -0.901002 0.433816 -0.948683 0.316228 13.074
638 127 -0.901002 0.433816 -0.948683 0.316228 13.0082
638 128 -0.901002 0.433816 -0.948683 0.316228 14.0121
638 128 -0.901002 0.433816 -0.943858 0.33035 14.5964
638 128 -0.901002 0.433816 -0.943858 0.33035 12.0723
638 128 -0.901002 0.433816 -0.942103 0.335325 9.48974
638 128 -0.901002 0.433816 -0.947066 0.321039 4.52677
638 129 -0.901002 0.433816 -0.943858 0.33035 0.0687141
638 129 -0.901002 0.433816 -0.948683 0.316228 0
638 130 -0.901002 0.433816 -0.947066 0.321039 0
638 130 -0.901002 0.433816 -0.942103 0.335325 0
638 131 -0.901002 0.433816 -0.947066 0.321039 0
638 131 -0.901002 0.433816 -0.942103 0.335325 0.170135
639 132 -0.903277 0.429057 -0.942103 0.335325 0
639 134 -0.898876 0.438202 -0.948683 0.316228 0
639 135 -0.898876 0.438202 -0.947066 0.321039 0
640 136 -0.901167 0.433473 -0.948683 0.316228 0
643 137 -0.903738 0.428086 -0.948683 0.316228 0
644 140 -0.906183 0.422885 -0.954758 0.297384 0.993289
645 143 -0.903986 0.427561 -0.956112 0.293002 2.38023
647 146 -0.904249 0.427006 -0.951709 0.307003 8.07532
651 148 -0.904819 0.425797 -0.953124 0.302579 9.48974
653 150 -0.899814 0.436274 -0.957407 0.288742 11.9743
659 150 -0.900349 0.435169 -0.957407 0.288742 14.1004
663 150 -0.900769 0.434299 -0.958647 0.284598 14.1004
668 149 -0.904819 0.425797 -0.955779 0.294086 18.1077
671 149 -0.901816 0.43212 -0.955779 0.294086 22.2024
674 148 -0.906183 0.422885 -0.957024 0.290007 23.8057
677 147 -0.911108 0.412168 -0.952926 0.303204 27.6609
678 147 -0.907311 0.420461 -0.952926 0.303204 31.1194
680 147 -0.907959 0.419058 -0.958219 0.286036 34.4952
682 147 -0.908677 0.4175 -0.954226 0.299086 36.4341
682 148 -0.908677 0.4175 -0.954226 0.299086 38.2136
684 149 -0.909474 0.41576 -0.955475 0.295073 36.2624
684 150 -0.909474 0.41576 -0.955475 0.295073 37.3051
684 151 -0.909474 0.41576 -0.956674 0.291162 36.4341
683 153 -0.904249 0.427006 -0.956674 0.291162 33.0888
682 155 -0.908677 0.4175 -0.957826 0.287348 28.7858
683 156 -0.904249 0.427006 -0.956674 0.291162 23.0681
683 157 -0.904249 0.427006 -0.953994 0.299827 18.5271
681 159 -0.903738 0.428086 -0.957826 0.287348 14.5291
681 161 -0.903738 0.428086 -0.955195 0.295976 6.2404
682 161 -0.908677 0.4175 -0.953994 0.299827 2.29633
682 161 -0.908677 0.4175 -0.955195 0.295976 1.74553
682 162 -0.908677 0.4175 -0.955195 0.295976 1.61488
682 163 -0.908677 0.4175 -0.953994 0.299827 0.866016
680 164 -0.907959 0.419058 -0.958934 0.283628 0
680 165 -0.907959 0.419058 -0.955195 0.295976 0.792783
681 165 -0.903738 0.428086 -0.953994 0.299827 1.48307
681 166 -0.903738 0.428086 -0.953994 0.299827 1.48307
681 166 -0.912818 0.408366 -0.953994 0.299827 0.281273
679 167 -0.911922 0.410365 -0.953994 0.299827 1.3507
679 168 -0.911922 0.410365 -0.953994 0.299827 0.177483
679 169 -0.911922 0.410365 -0.955195 0.295976 1.21801
679 171 -0.911922 0.410365 -0.957826 0.287348 0.0735822
679 172 -0.911922 0.410365 -0.958934 0.283628 1.08576
677 175 -0.911108 0.412168 -0.96254 0.271138 0.690373
676 178 -0.906721 0.421731 -0.966009 0.258509 0
674 180 -0.906183 0.422885 -0.970142 0.242536 0
673 183 -0.902134 0.431455 -0.976187 0.21693 0.598253
673 185 -0.902134 0.431455 -0.97898 0.203954 0.512637
670 187 -0.905237 0.424907 -0.982102 0.188348 0
669 188 -0.90849 0.417906 -0.981615 0.19087 0
667 191 -0.901252 0.433294 -0.984088 0.177683 0
666 192 -0.904432 0.426619 -0.981615 0.19087 0
666 193 -0.904432 0.426619 -0.984088 0.177683 0
662 197 -0.903738 0.428086 -0.986394 0.164399 0
662 199 -0.903738 0.428086 -0.986394 0.164399 0
661 201 -0.906582 0.42203 -0.986394 0.164399 1.4649
659 204 -0.906183 0.422885 -0.986394 0.164399 0
658 207 -0.903134 0.429359 -0.98853 0.151025 0
658 210 -0.903134 0.429359 -0.98853 0.151025 0.263844
657 221 -0.90581 0.423685 -0.990492 0.137568 0
657 224 -0.90581 0.423685 -0.990492 0.137568 0
657 227 -0.911371 0.411587 -0.990747 0.135719 0
657 231 -0.911371 0.411587 -0.992278 0.124035 0
658 235 -0.90883 0.417168 -0.994049 0.108937 0
659 239 -0.906183 0.422885 -0.994049 0.108937 1.26748
662 242 -0.903738 0.428086 -0.996729 0.0808159 4.06419
662 244 -0.909819 0.415005 -0.997725 0.0674139 5.75369
666 246 -0.904432 0.426619 -0.997785 0.066519 6.87164
666 247 -0.910954 0.412508 -0.997785 0.066519 6.11349
667 248 -0.907959 0.419058 -0.998618 0.0525588 4.99556
670 248 -0.905237 0.424907 -0.997843 0.0656476 6.25565
670 249 -0.905237 0.424907 -0.998618 0.0525588 9.38612
671 249 -0.909065 0.416655 -0.997843 0.0656476 12.0205
673 249 -0.909688 0.415292 -0.998653 0.0518781 15.9475
678 263 -0.915644 0.40199 -0.998653 0.0518781 21.8962
678 264 -0.915644 0.40199 -0.998653 0.0518781 24.5031
678 264 -0.915644 0.40199 -0.997898 0.0647986 29.4018
678 264 -0.915644 0.40199 -0.998653 0.0518781 31.1926
678 265 -0.915644 0.40199 -0.997952 0.0639713 31.4692
677 265 -0.919145 0.393919 -0.997898 0.0647986 32.875
677 266 -0.919145 0.393919 -0.997898 0.0647986 32.3507
677 266 -0.919145 0.393919 -0.997898 0.0647986 28.5213
678 267 -0.915644 0.40199 -0.997054 0.0766965 24.7558
679 266 -0.920331 0.391141 -0.996978 0.0776866 20.1292
680 267 -0.916696 0.399585 -0.995997 0.0893844 16.2609
680 267 -0.916696 0.399585 -0.997054 0.0766965 12.0216
682 267 -0.917857 0.396911 -0.995997 0.0893844 5.99252
683 267 -0.913812 0.406138 -0.994781 0.102029 2.68669
685 267 -0.914918 0.40364 -0.993409 0.114624 1.47784
685 268 -0.914918 0.40364 -0.991882 0.127164 1.99575
687 268 -0.916157 0.400819 -0.990202 0.139644 0.884367
688 269 -0.911371 0.411587 -0.990202 0.139644 0.777435
689 269 -0.917556 0.397607 -0.988372 0.152057 1.48543
691 270 -0.919145 0.393919 -0.990202 0.139644 1.38556
689 272 -0.917556 0.397607 -0.988659 0.150176 0.333074
689 274 -0.917556 0.397607 -0.992278 0.124035 0.420578
689 276 -0.917556 0.397607 -0.993731 0.111795 1.97044
686 278 -0.920582 0.39055 -0.995037 0.0995037 1.92379
684 280 -0.919145 0.393919 -0.995037 0.0995037 0
683 281 -0.923077 0.384615 -0.996287 0.0860988 2.43678
681 283 -0.912818 0.408366 -0.9981 0.0616111 1.42913
678 284 -0.915644 0.40199 -0.997268 0.0738717 0.906178
677 284 -0.919145 0.393919 -0.998783 0.0493226 0.906178
674 284 -0.92125 0.388972 -0.998783 0.0493226 0
672 284 -0.913009 0.40794 -0.999315 0.0370117 1.52131
671 283 -0.916157 0.400819 -0.999926 0.0121942 6.11257
670 281 -0.91227 0.40959 -0.999924 0.0123447 11.1179
670 279 -0.91227 0.40959 -1 0 20.3716
667 278 -0.914535 0.404506 -0.999926 -0.0121942 30.4258
666 277 -0.910954 0.412508 -0.999703 -0.024383 38.1211
662 288 -0.915788 0.401661 -0.998783 -0.0493226 43.5518
658 288 -0.919923 0.392098 -0.999315 -0.0370117 46.848
657 288 -0.916835 0.399267 -0.998783 -0.0493226 47.8323
654 287 -0.918413 0.395624 -0.998783 -0.0493226 48.2128
654 286 -0.918413 0.395624 -0.998783 -0.0493226 44.0661
654 284 -0.918413 0.395624 -0.999695 -0.0246838 39.9125
654 281 -0.918413 0.395624 -0.999922 0.012499 34.3159
654 278 -0.918413 0.395624 -0.999298 0.0374737 30.7539
657 274 -0.916835 0.399267 -0.997128 0.0757313 23.706
657 270 -0.916835 0.399267 -0.991882 0.127164 18.8187
657 266 -0.916835 0.399267 -0.986046 0.166475 13.8539
656 263 -0.919145 0.393919 -0.977993 0.208638 10.4862
656 260 -0.919145 0.393919 -0.971668 0.236352 9.3854
659 256 -0.917556 0.397607 -0.964458 0.264235 4.34302
659 254 -0.911922 0.410365 -0.956352 0.292219 4.79808
659 252 -0.917556 0.397607 -0.952578 0.304296 3.29257
659 249 -0.917556 0.397607 -0.943235 0.332125 1.9537
656 247 -0.913812 0.406138 -0.935771 0.352609 0
658 242 -0.914429 0.404747 -0.929416 0.369033 0.328626
655 239 -0.916157 0.400819 -0.91552 0.402274 0.0965462
654 236 -0.918413 0.395624 -0.907959 0.419058 0.0377741
654 233 -0.913231 0.407442 -0.899981 0.435928 0
653 230 -0.91552 0.402274 -0.885832 0.464007 0.0132132
652 227 -0.917722 0.397223 -0.879543 0.475819 0
651 225 -0.914918 0.40364 -0.86643 0.499299 0.542843
648 224 -0.916453 0.400142 -0.84964 0.527363 0
647 222 -0.918484 0.395458 -0.841179 0.540758 0
639 203 -0.911922 0.410365 -0.834335 0.551257 0
636 203 -0.909238 0.416277 -0.815733 0.578429 0.724507
634 203 -0.908896 0.417023 -0.8 0.6 0.376767
633 203 -0.906721 0.421731 -0.780869 0.624695 0.172711
630 204 -0.904358 0.426776 -0.760374 0.649486 0.00386429
629 204 -0.906183 0.422885 -0.738486 0.674269 0
628 203 -0.907959 0.419058 -0.731055 0.682318 0
628 203 -0.907959 0.419058 -0.715187 0.698933 0
628 203 -0.907959 0.419058 -0.707107 0.707107 0
627 203 -0.909688 0.415292 -0.698933 0.715187 0
627 203 -0.909688 0.415292 -0.682318 0.731055 0
627 203 -0.909688 0.415292 -0.674269 0.738486 0
627 203 -0.909688 0.415292 -0.674269 0.738486 0
627 203 -0.909688 0.415292 -0.674269 0.738486 0
627 203 -0.909688 0.415292 -0.665371 0.746513 0
627 202 -0.909688 0.415292 -0.657369 0.753569 0
627 202 -0.909688 0.415292 -0.657369 0.753569 3.58893
628 203 -0.907959 0.419058 -0.665371 0.746513 10.3616
629 203 -0.906183 0.422885 -0.674269 0.738486 19.1938
629 204 -0.906183 0.422885 -0.682318 0.731055 40.0817
630 204 -0.908258 0.418411 -0.707107 0.707107 54.436
630 205 -0.908258 0.418411 -0.715187 0.698933 59.6223
630 205 -0.908258 0.418411 -0.722991 0.690858 62.5573
630 206 -0.908258 0.418411 -0.738486 0.674269 64.2174
630 206 -0.908258 0.418411 -0.760374 0.649486 61.0375
629 207 -0.906183 0.422885 -0.69874 0.715376 32.1998
629 208 -0.906183 0.422885 -0.707107 0.707107 24.7769
627 208 -0.909688 0.415292 -0.707107 0.707107 13.7693
623 210 -0.909065 0.416655 -0.715187 0.698933 2.49798
622 211 -0.907136 0.420837 -0.722991 0.690858 0
621 211 -0.908772 0.417293 -0.722991 0.690858 0
616 214 -0.906408 0.422404 -0.722991 0.690858 0
615 214 -0.907959 0.419058 -0.730527 0.682884 0
615 214 -0.907959 0.419058 -0.722642 0.691223 0
615 215 -0.907959 0.419058 -0.730527 0.682884 0
615 216 -0.907959 0.419058 -0.737805 0.675013 0
615 217 -0.907959 0.419058 -0.751626 0.65959 0
616 219 -0.906408 0.422404 -0.779376 0.626557 0
617 221 -0.904819 0.425797 -0.805438 0.592681 0
618 223 -0.906641 0.421902 -0.834335 0.551257 0
619 225 -0.90849 0.417906 -0.870022 0.493013 0
623 226 -0.909065 0.416655 -0.894427 0.447214 0
624 229 -0.907399 0.420269 -0.918413 0.395624 0
625 230 -0.90937 0.415988 -0.938579 0.345066 0
626 232 -0.907673 0.419677 -0.958934 0.283628 0
626 233 -0.911371 0.411587 -0.9669 0.255154 0
626 234 -0.911371 0.411587 -0.974613 0.223898 0
626 235 -0.911371 0.411587 -0.98302 0.183497 1.32623
626 236 -0.911371 0.411587 -0.986046 0.166475 7.59431
626 238 -0.907673 0.419677 -0.991882 0.127164 11.0736
622 240 -0.910688 0.413095 -0.992083 0.12558 15.767
621 241 -0.908772 0.417293 -0.993573 0.113192 19.3411
620 243 -0.906884 0.42138 -0.993731 0.111795 24.9773
616 245 -0.906408 0.422404 -0.992278 0.124035 35.0045
614 245 -0.909475 0.41576 -0.990679 0.136218 42.5295
612 247 -0.905967 0.423349 -0.990679 0.136218 43.9962
606 249 -0.908429 0.418038 -0.988936 0.14834 32.8344
601 251 -0.909308 0.416124 -0.988659 0.150176 17.0362
598 252 -0.90752 0.420009 -0.986394 0.164399 4.36089
596 252 -0.910113 0.41436 -0.986394 0.164399 0
594 253 -0.907108 0.420898 -0.984271 0.176664 0
589 255 -0.907959 0.419058 -0.98387 0.178885 0
587 256 -0.907758 0.419494 -0.981074 0.193633 0
587 256 -0.907758 0.419494 -0.977993 0.208638 0
586 256 -0.908957 0.41689 -0.974613 0.223898 0
585 257 -0.907563 0.419917 -0.971668 0.236352 0
585 258 -0.904972 0.425472 -0.97092 0.239405 0
583 259 -0.907373 0.420327 -0.9669 0.255154 0
582 260 -0.906014 0.423247 -0.9669 0.255154 0
581 261 -0.907188 0.420725 -0.96254 0.271138 0
580 261 -0.908342 0.418229 -0.958934 0.283628 0
576 264 -0.907959 0.419058 -0.957826 0.287348 0
576 264 -0.907959 0.419058 -0.953994 0.299827 0
576 264 -0.907959 0.419058 -0.953994 0.299827 5.71734
580 262 -0.908342 0.418229 -0.950032 0.312153 16.8014
580 262 -0.908342 0.418229 -0.948683 0.316228 24.5436
582 262 -0.906014 0.423247 -0.944497 0.328521 37.69
582 260 -0.908541 0.417796 -0.934052 0.357137 45.7081
583 259 -0.907373 0.420327 -0.930408 0.366525 52.4474
583 256 -0.909908 0.414811 -0.918413 0.395624 55.0108
588 252 -0.906536 0.422128 -0.916157 0.400819 54.9493
588 249 -0.909174 0.416416 -0.90581 0.423685 50.5835
588 246 -0.909174 0.416416 -0.894427 0.447214 37.2288
588 242 -0.909174 0.416416 -0.875578 0.483077 14.9831
588 238 -0.906536 0.422128 -0.853282 0.52145 0
587 233 -0.907758 0.419494 -0.824513 0.565843 0
587 228 -0.907758 0.419494 -0.811534 0.584305 0
590 221 -0.909398 0.415926 -0.784046 0.620703 0
591 217 -0.908167 0.418608 -0.776114 0.630593 0
591 213 -0.908167 0.418608 -0.761539 0.648119 0
591 211 -0.908167 0.418608 -0.753569 0.657369 0
592 209 -0.906912 0.421321 -0.752577 0.658505 0
593 208 -0.908381 0.418144 -0.766937 0.641723 0
595 208 -0.908602 0.417664 -0.790957 0.611872 0
600 205 -0.907736 0.419542 -0.813733 0.581238 0
602 207 -0.907959 0.419058 -0.857493 0.514496 0
603 211 -0.906582 0.42203 -0.894427 0.447214 0
604 214 -0.90819 0.418557 -0.922669 0.385593 0
606 218 -0.908429 0.418038 -0.947341 0.320228 0
606 223 -0.908429 0.418038 -0.97092 0.239405 0
608 228 -0.908677 0.4175 -0.983453 0.181162 0
610 232 -0.905758 0.423795 -0.990202 0.139644 0
610 235 -0.908933 0.416942 -0.993409 0.114624 0
612 237 -0.905967 0.423349 -0.996194 0.087167 0
612 238 -0.905967 0.423349 -0.998053 0.0623783 3.80386
612 238 -0.909199 0.416362 -0.998752 0.0499376 16.1247
612 238 -0.905967 0.423349 -0.998783 0.0493226 28.9165
611 238 -0.907467 0.420124 -0.998812 0.0487226 35.1748
610 237 -0.908933 0.416942 -0.9981 0.0616111 39.6368
605 239 -0.906792 0.421579 -0.9981 0.0616111 44.7833
604 239 -0.90819 0.418557 -0.9981 0.0616111 45.6694
603 238 -0.909559 0.415574 -0.996194 0.087167 47.7234
602 238 -0.904994 0.425424 -0.996194 0.087167 44.7833
602 236 -0.907959 0.419058 -0.992083 0.12558 40.2368
601 235 -0.906379 0.422465 -0.988372 0.152057 37.6381
600 233 -0.907736 0.419542 -0.986046 0.166475 29.8206
597 233 -0.905993 0.423292 -0.97855 0.20601 24.2449
596 231 -0.907311 0.420461 -0.971668 0.236352 17.0757
595 229 -0.908602 0.417664 -0.963518 0.267644 10.2551
595 228 -0.90581 0.423685 -0.958934 0.283628 3.37208
594 226 -0.907108 0.420898 -0.948683 0.316228 0
593 224 -0.908381 0.418144 -0.94299 0.33282 0
593 222 -0.908381 0.418144 -0.935159 0.354227 0
593 220 -0.905631 0.424066 -0.930408 0.366525 0
592 218 -0.906912 0.421321 -0.916157 0.400819 0
591 217 -0.905459 0.424434 -0.913812 0.406138 0
590 215 -0.906721 0.421731 -0.900159 0.435561 0
590 213 -0.906721 0.421731 -0.89735 0.44132 0
590 212 -0.906721 0.421731 -0.89735 0.44132 0
589 211 -0.907959 0.419058 -0.89735 0.44132 0
589 211 -0.907959 0.419058 -0.911371 0.411587 0
589 211 -0.907959 0.419058 -0.921364 0.388701 0
590 212 -0.906721 0.421731 -0.935159 0.354227 0
590 212 -0.906721 0.421731 -0.947281 0.320404 0
590 212 -0.906721 0.421731 -0.960466 0.278396 0
590 211 -0.906721 0.421731 -0.972511 0.232855 2.08272
590 210 -0.906721 0.421731 -0.97898 0.203954 8.77483
586 211 -0.908957 0.41689 -0.984917 0.173026 21.4038
589 209 -0.907959 0.419058 -0.989132 0.147033 29.2719
589 207 -0.907959 0.419058 -0.992877 0.119145 33.321
589 205 -0.907959 0.419058 -0.992877 0.119145 38.324
585 203 -0.907563 0.419917 -0.992877 0.119145 42.6512
585 200 -0.904972 0.425472 -0.994505 0.104685 45.5772
585 195 -0.907563 0.419917 -0.992877 0.119145 47.1447
585 191 -0.904972 0.425472 -0.993061 0.117599 46.3746
585 186 -0.904972 0.425472 -0.991454 0.130455 45.6293
584 181 -0.906183 0.422885 -0.987441 0.157991 48.0718
584 176 -0.906183 0.422885 -0.98257 0.185892 46.3746
583 172 -0.904819 0.425797 -0.979535 0.201274 47.5299
582 168 -0.906014 0.423247 -0.97324 0.229793 47.8417
572 166 -0.921399 0.388617 -0.972511 0.232855 42.3373
571 163 -0.920107 0.391667 -0.964116 0.265481 35.4212
569 160 -0.919778 0.392439 -0.954226 0.299086 30.2176
568 158 -0.918515 0.395387 -0.942722 0.333579 24.876
566 156 -0.920385 0.391013 -0.936329 0.351123 15.7818
565 154 -0.919145 0.393919 -0.927441 0.373968 9.00047
559 155 -0.918252 0.395996 -0.927441 0.373968 0
557 154 -0.920024 0.391862 -0.925305 0.379223 0
555 153 -0.919724 0.392565 -0.925305 0.379223 0
553 152 -0.919431 0.393251 -0.915086 0.403258 0
551 151 -0.919431 0.393251 -0.909308 0.416124 0
548 151 -0.919431 0.393251 -0.912509 0.409056 0
547 138 -0.917157 0.398526 -0.909308 0.416124 0
540 139 -0.915788 0.401661 -0.906582 0.42203 0
542 136 -0.915396 0.402554 -0.909308 0.416124 0
539 135 -0.916539 0.399944 -0.915086 0.403258 0
532 135 -0.916033 0.401103 -0.917556 0.397607 5.26679
530 134 -0.916033 0.401103 -0.925305 0.379223 17.5206
528 131 -0.916033 0.401103 -0.925305 0.379223 30.1582
527 130 -0.914262 0.405122 -0.932568 0.360994 41.4419
529 125 -0.915644 0.40199 -0.930566 0.366124 48.4613
524 123 -0.915154 0.403104 -0.925305 0.379223 56.5571
523 120 -0.915154 0.403104 -0.932568 0.360994 58.6504
521 116 -0.915154 0.403104 -0.925305 0.379223 61.4095
523 111 -0.915644 0.40199 -0.925305 0.379223 63.6143
521 106 -0.916539 0.399944 -0.925305 0.379223 63.9487
515 104 -0.914034 0.405637 -0.919923 0.392098 67.0991
516 98 -0.914496 0.404595 -0.915086 0.403258 59.6538
514 94 -0.916539 0.399944 -0.909308 0.416124 53.9348
512 91 -0.914496 0.404595 -0.906582 0.42203 51.0026
508 88 -0.916539 0.399944 -0.903738 0.428086 42.892
505 85 -0.916539 0.399944 -0.897554 0.440904 38.7764
501 84 -0.915644 0.40199 -0.903738 0.428086 31.6296
494 84 -0.914262 0.405122 -0.912509 0.409056 21.293
494 81 -0.913812 0.406138 -0.912509 0.409056 16.5757
490 81 -0.913812 0.406138 -0.923077 0.384615 13.6284
483 82 -0.914496 0.404595 -0.925305 0.379223 6.56332
467 99 -0.91498 0.4035 -0.994505 0.104685 32.1618
467 99 -0.91498 0.4035 -0.994505 0.104685 32.1618
467 99 -0.91498 0.4035 -0.994505 0.104685 32.1618
467 99 -0.91498 0.4035 -0.994505 0.104685 32.1618
467 99 -0.91498 0.4035 -0.994505 0.104685 32.1618
467 99 -0.91498 0.4035 -0.994505 0.104685 32.1618
467 99 -0.91498 0.4035 -0.994505 0.104685 32.1618
467 99 -0.91498 0.4035 -0.994505 0.104685 32.1618
467 99 -0.91498 0.4035 -0.994505 0.104685 32.1618
467 99 -0.91498 0.4035 -0.994505 0.104685 32.1618
467 99 -0.91498 0.4035 -0.994505 0.104685 32.1618
467 99 -0.91498 0.4035 -0.994505 0.104685 32.1618
467 99 -0.91498 0.4035 -0.994505 0.104685 32.1618
467 99 -0.91498 0.4035 -0.994505 0.104685 32.1618
467 99 -0.91498 0.4035 -0.994505 0.104685 32.1618
467 99 -0.91498 0.4035 -0.994505 0.104685 32.1618
467 99 -0.91498 0.4035 -0.994505 0.104685 32.1618
467 100 -0.91498 0.4035 -0.995785 0.091717 34.8143
466 101 -0.913812 0.406138 -0.995673 0.0929295 43.411
466 101 -0.913812 0.406138 -0.995785 0.091717 47.644
465 102 -0.913812 0.406138 -0.996898 0.0787025 50.7995
464 102 -0.916802 0.399343 -0.996898 0.0787025 53.4938
463 103 -0.914735 0.404055 -0.996815 0.0797452 51.8046
462 103 -0.915644 0.40199 -0.996815 0.0797452 51.8046
462 103 -0.913582 0.406655 -0.997843 0.0656476 49.3652
466 101 -0.9131 0.407736 -0.997785 0.066519 48.1301
461 102 -0.915644 0.40199 -0.995785 0.091717 43.9452
460 102 -0.913582 0.406655 -0.995673 0.0929295 35.6913
460 102 -0.913582 0.406655 -0.994359 0.106065 24.6591
459 102 -0.913582 0.406655 -0.992877 0.119145 14.9314
458 102 -0.914496 0.404595 -0.992685 0.120732 5.54389
457 102 -0.913357 0.407159 -0.989132 0.147033 0.440354
456 101 -0.915396 0.402554 -0.984511 0.175324 0
455 101 -0.914262 0.405122 -0.982102 0.188348 0
454 100 -0.914262 0.405122 -0.97898 0.203954 0
453 100 -0.914262 0.405122 -0.976187 0.21693 0
437 97 -0.911505 0.411289 -0.971754 0.235997 0
436 98 -0.911505 0.411289 -0.967617 0.252422 0
435 99 -0.910366 0.413803 -0.963111 0.269105 0
435 100 -0.910366 0.413803 -0.955475 0.295073 0
434 101 -0.911304 0.411734 -0.950092 0.31197 0
434 102 -0.913357 0.407159 -0.944304 0.329075 0
434 104 -0.912228 0.409683 -0.944304 0.329075 0
436 106 -0.91018 0.414214 -0.942722 0.333579 0
437 108 -0.91018 0.414214 -0.938097 0.346374 0.819048
439 110 -0.911108 0.412168 -0.938097 0.346374 6.38943
441 112 -0.909065 0.416655 -0.938097 0.346374 7.88367
443 113 -0.910916 0.412591 -0.931457 0.363851 8.73309
447 115 -0.910916 0.412591 -0.933346 0.358979 11.7294
452 116 -0.911822 0.410586 -0.928477 0.371391 16.6346
456 117 -0.910729 0.413005 -0.931457 0.363851 20.6169
465 116 -0.912022 0.41014 -0.926467 0.376377 25.8127
466 119 -0.910546 0.413409 -0.926467 0.376377 31.8699
476 117 -0.911822 0.410586 -0.921364 0.388701 43.0881
482 117 -0.911822 0.410586 -0.923497 0.383606 50.1285
488 118 -0.909645 0.415387 -0.925547 0.378633 54.9038
494 119 -0.910546 0.413409 -0.925547 0.378633 58.7681
500 119 -0.911434 0.411447 -0.932266 0.361775 56.3107
506 120 -0.911434 0.411447 -0.929416 0.369033 53.015
512 121 -0.911434 0.411447 -0.934052 0.357137 46.1466
517 122 -0.912309 0.409502 -0.940191 0.340649 34.8787
522 124 -0.911434 0.411447 -0.935771 0.352609 19.9933
527 125 -0.912309 0.409502 -0.940191 0.340649 8.98059
532 128 -0.911434 0.411447 -0.941742 0.336336 0
537 132 -0.911434 0.411447 -0.945946 0.324324 0
542 135 -0.911434 0.411447 -0.945946 0.324324 0
547 139 -0.912714 0.408599 -0.950032 0.312153 0
551 144 -0.911108 0.412168 -0.950032 0.312153 0
555 149 -0.911505 0.411289 -0.955195 0.295976 0
563 152 -0.912359 0.409392 -0.958934 0.283628 0
567 157 -0.912818 0.408366 -0.963518 0.267644 0
571 163 -0.913302 0.407283 -0.970142 0.242536 0
611 194 -0.913812 0.406138 -0.995785 0.091717 36.3265
611 194 -0.913812 0.406138 -0.995785 0.091717 36.3265
611 194 -0.913812 0.406138 -0.995785 0.091717 36.3265
611 194 -0.913812 0.406138 -0.995785 0.091717 36.3265
611 194 -0.913812 0.406138 -0.995785 0.091717 36.3265
611 194 -0.913812 0.406138 -0.995785 0.091717 36.3265
611 194 -0.913812 0.406138 -0.995785 0.091717 36.3265
611 194 -0.913812 0.406138 -0.995785 0.091717 36.3265
612 196 -0.915567 0.402165 -0.997785 0.066519 40.7848
617 199 -0.914918 0.40364 -0.998581 0.0532576 43.8693
630 201 -0.904358 0.426776 -0.997785 0.066519 46.2461
633 203 -0.906721 0.421731 -0.998581 0.0532576 47.412
639 202 -0.907627 0.419778 -0.998581 0.0532576 49.0771
644 202 -0.906183 0.422885 -0.998581 0.0532576 49.6137
646 202 -0.9065 0.422206 -0.999179 0.0405073 47.9864
651 200 -0.904819 0.425797 -0.999201 0.039968 51.4212
652 199 -0.907563 0.419917 -0.998542 0.0539753 49.881
654 197 -0.907959 0.419058 -0.998542 0.0539753 49.2141
657 195 -0.90581 0.423685 -0.998542 0.0539753 39.4438
658 194 -0.90883 0.417168 -0.998502 0.0547124 25.564
661 192 -0.906582 0.42203 -0.999157 0.0410612 14.8791
662 190 -0.909819 0.415005 -0.999157 0.0410612 6.17297
663 188 -0.913138 0.407651 -0.999157 0.0410612 0
666 187 -0.910954 0.412508 -0.999157 0.0410612 0
667 186 -0.907959 0.419058 -0.999157 0.0410612 0
668 185 -0.911587 0.411108 -0.999625 0.027387 0
670 184 -0.91227 0.40959 -0.999157 0.0410612 0
671 183 -0.909065 0.416655 -0.999625 0.027387 0
672 182 -0.90569 0.42394 -0.999133 0.0416305 0
673 180 -0.909688 0.415292 -0.999157 0.0410612 0
675 178 -0.910366 0.413803 -0.999157 0.0410612 0
675 177 -0.910366 0.413803 -0.999133 0.0416305 0
678 175 -0.907311 0.420461 -0.999157 0.0410612 0
678 173 -0.915644 0.40199 -0.999157 0.0410612 0
703 168 -0.916157 0.400819 -0.999179 0.0405073 0
703 167 -0.916157 0.400819 -0.998542 0.0539753 6.23719
705 165 -0.919145 0.393919 -0.998542 0.0539753 11.2773
708 163 -0.910366 0.413803 -0.997663 0.0683331 18.3496
708 161 -0.939793 0.341743 -0.996729 0.0808159 27.056
711 159 -0.936329 0.351123 -0.996729 0.0808159 36.0403
713 157 -0.948683 0.316228 -0.995434 0.0954526 44.7546
715 154 -0.970143 0.242536 -0.994049 0.108937 48.4164
716 151 -1 0 -0.992486 0.122361 50.042
718 150 -1 0 -0.992486 0.122361 52.4793
719 148 -1 0 -0.992486 0.122361 52.4793
-1 -1 -0.979788 -0.20004 -0.98853 0.151025 56.0864
-1 -1 -0.980318 -0.197425 -0.986394 0.164399 57.7935
-1 -1 -0.980842 -0.194806 -0.986394 0.164399 57.0809
-1 -1 -0.981359 -0.192183 -0.984088 0.177683 55.3342
-1 -1 -0.982123 -0.18824 -0.981615 0.19087 53.7491
-1 -1 -0.982624 -0.185607 -0.978403 0.206705 47.924
719 131  -1 0 -0.971754 0.235997 46.1781
717 128 -1 0 -0.971754 0.235997 46.1781
716 125 -1 0 -0.971754 0.235997 44.4078
715 122 -0.970143 0.242536 -0.971754 0.235997 43.7517
713 120 -0.948683 0.316228 -0.968493 0.249041 45.2435
712 117 -0.919145 0.393919 -0.965081 0.261951 42.3962
710 114 -0.948683 0.316228 -0.967617 0.252422 38.7614
710 111 -0.948683 0.316228 -0.964116 0.265481 33.1167
708 110 -0.910366 0.413803 -0.960466 0.278396 18.3405
707 108 -0.923077 0.384615 -0.959365 0.282166 2.27322
706 105 -0.933346 0.358979 -0.959365 0.282166 0
704 103 -0.928477 0.371391 -0.962064 0.272824 0
703 102 -0.916157 0.400819 -0.958219 0.286036 0
701 100 -0.913812 0.406138 -0.952926 0.303204 0
697 98 -0.925547 0.378633 -0.948683 0.316228 0
695 97 -0.909065 0.416655 -0.951571 0.30743 0
693 95 -0.920967 0.38964 -0.947216 0.320596 0
690 93 -0.924017 0.382352 -0.941075 0.338199 0
688 92 -0.911371 0.411587 -0.941075 0.338199 0
685 91 -0.914918 0.40364 -0.945687 0.32508 0
683 89 -0.913812 0.406138 -0.941075 0.338199 12.0546
682 87 -0.917857 0.396911 -0.934488 0.355995 27.2757
679 86 -0.911922 0.410365 -0.929491 0.368846 37.9079
682 68 -0.908677 0.4175 -0.919145 0.393919 44.6859
679 66 -0.911922 0.410365 -0.916835 0.399267 49.3978
678 64 -0.907311 0.420461 -0.916835 0.399267 55.2779
678 62 -0.907311 0.420461 -0.916835 0.399267 61.4456
676 61 -0.906721 0.421731 -0.911371 0.411587 63.4829
675 60 -0.902481 0.43073 -0.916835 0.399267 65.719
674 57 -0.906183 0.422885 -0.90883 0.417168 64.5594
671 56 -0.901816 0.43212 -0.90883 0.417168 63.2158
668 54 -0.904819 0.425797 -0.90883 0.417168 60.4576
667 52 -0.901252 0.433294 -0.911371 0.411587 59.7369
662 51 -0.903738 0.428086 -0.90883 0.417168 58.3708
659 49 -0.900349 0.435169 -0.90883 0.417168 58.3708
654 48 -0.902604 0.430473 -0.90883 0.417168 54.4586
652 45 -0.902362 0.430979 -0.90883 0.417168 46.3475
647 44 -0.904249 0.427006 -0.90883 0.417168 43.509
642 44 -0.90134 0.433112 -0.914429 0.404747 33.1284
636 44 -0.900844 0.434142 -0.914429 0.404747 15.0765
631 44 -0.902481 0.43073 -0.916835 0.399267 0.374616
628 45 -0.900284 0.435302 -0.924374 0.381488 0
623 46 -0.901816 0.43212 -0.929491 0.368846 0
621 48 -0.898063 0.439867 -0.929491 0.368846 0
616 51 -0.899606 0.436702 -0.936329 0.351123 0
614 52 -0.899508 0.436904 -0.938097 0.346374 0
611 54 -0.901002 0.433816 -0.942722 0.333579 0
605 58 -0.900658 0.434528 -0.947216 0.320596 0
603 60 -0.900552 0.434749 -0.958219 0.286036 0
600 63 -0.898914 0.438126 -0.966705 0.255893 0.391507
594 66 -0.901523 0.432731 -0.970142 0.242536 6.60743
592 68 -0.898632 0.438702 -0.980581 0.196116 12.049
590 70 -0.898568 0.438835 -0.986016 0.166651 15.1155
585 73 -0.899734 0.436438 -0.990492 0.137568 23.6861
584 74 -0.898384 0.43921 -0.992486 0.122361 33.945
583 74 -0.902247 0.431221 -0.994049 0.108937 42.6556
582 75 -0.898327 0.439328 -0.996729 0.0808159 45.9989
582 74 -0.900907 0.434013 -0.996729 0.0808159 47.6961
581 74 -0.899581 0.436753 -0.997725 0.0674139 48.3563
580 73 -0.898271 0.439442 -0.997725 0.0674139 49.2239
579 71 -0.899508 0.436904 -0.998502 0.0547124 46.828
577 69 -0.901919 0.431905 -0.997725 0.0674139 49.7486
575 68 -0.901919 0.431905 -0.998542 0.0539753 47.3086
571 68 -0.899508 0.436904 -0.999179 0.0405073 48.7164
566 68 -0.899508 0.436904 -0.999179 0.0405073 47.9745
561 67 -0.899581 0.436753 -0.999157 0.0410612 45.6947
556 67 -0.898327 0.439328 -0.999625 0.027387 44.0494
550 67 -0.898327 0.439328 -0.999906 0.0136973 38.1611
545 67 -0.898327 0.439328 -0.999906 0.0136973 29.8206
503 65 -0.901002 0.433816 -0.992486 0.122361 0
503 65 -0.901002 0.433816 -0.992486 0.122361 0
503 65 -0.901002 0.433816 -0.992486 0.122361 0
503 65 -0.901002 0.433816 -0.992486 0.122361 0
503 65 -0.901002 0.433816 -0.992486 0.122361 0
503 65 -0.901002 0.433816 -0.992486 0.122361 0
503 65 -0.901002 0.433816 -0.992486 0.122361 0
503 65 -0.901002 0.433816 -0.992486 0.122361 0
502 65 -0.899734 0.436438 -0.992486 0.122361 0
502 65 -0.899734 0.436438 -0.992486 0.122361 0
489 72 -0.918252 0.395996 -0.997597 0.0692776 0
489 71 -0.918252 0.395996 -0.996639 0.0819155 0
488 70 -0.918252 0.395996 -0.995434 0.0954526 0
487 69 -0.918252 0.395996 -0.995434 0.0954526 0
486 67 -0.91975 0.392505 -0.992486 0.122361 0
488 64 -0.918826 0.394663 -0.990492 0.137568 0