393 173 -0.898944 0.438064 -0.922338 0.386385 52.8373
393 173 -0.898944 0.438064 -0.922338 0.386385 52.8373
393 173 -0.898944 0.438064 -0.922338 0.386385 52.8373
393 173 -0.898944 0.438064 -0.922338 0.386385 52.8373
393 173 -0.898944 0.438064 -0.922338 0.386385 52.8373
393 173 -0.898944 0.438064 -0.922338 0.386385 52.8373
393 173 -0.898944 0.438064 -0.922338 0.386385 52.8373
393 173 -0.898944 0.438064 -0.922338 0.386385 52.8373
393 173 -0.898944 0.438064 -0.922338 0.386385 52.8373
393 173 -0.898944 0.438064 -0.922338 0.386385 52.8373
393 173 -0.898944 0.438064 -0.922338 0.386385 52.8373
393 173 -0.898944 0.438064 -0.922338 0.386385 52.8373
393 173 -0.898944 0.438064 -0.922338 0.386385 52.8373
393 173 -0.898944 0.438064 -0.922338 0.386385 52.8373
393 173 -0.898944 0.438064 -0.922338 0.386385 52.8373
393 173 -0.898944 0.438064 -0.922338 0.386385 52.8373
393 173 -0.898944 0.438064 -0.922338 0.386385 52.8373
393 173 -0.898944 0.438064 -0.922338 0.386385 52.8373
393 173 -0.898944 0.438064 -0.922338 0.386385 52.8373
393 173 -0.898944 0.438064 -0.922338 0.386385 52.8373
393 173 -0.898944 0.438064 -0.922338 0.386385 52.8373
393 173 -0.898944 0.438064 -0.922338 0.386385 52.8373
393 173 -0.898944 0.438064 -0.922338 0.386385 52.8373
393 173 -0.898944 0.438064 -0.922338 0.386385 52.8373
393 173 -0.898944 0.438064 -0.922338 0.386385 52.8373
393 173 -0.898944 0.438064 -0.922338 0.386385 52.8373
393 173 -0.898944 0.438064 -0.922338 0.386385 52.8373
393 173 -0.898944 0.438064 -0.922338 0.386385 52.8373
393 173 -0.898944 0.438064 -0.922338 0.386385 52.8373
393 173 -0.898944 0.438064 -0.922338 0.386385 52.8373
393 173 -0.898944 0.438064 -0.922338 0.386385 52.8373
393 173 -0.898944 0.438064 -0.922338 0.386385 52.8373
393 173 -0.898944 0.438064 -0.922338 0.386385 52.8373
393 173 -0.898944 0.438064 -0.922338 0.386385 52.8373
393 173 -0.898944 0.438064 -0.922338 0.386385 52.8373
393 173 -0.898944 0.438064 -0.922338 0.386385 52.8373
393 173 -0.898944 0.438064 -0.922338 0.386385 52.8373
393 173 -0.898944 0.438064 -0.922338 0.386385 52.8373
393 173 -0.898944 0.438064 -0.922338 0.386385 52.8373
393 173 -0.898944 0.438064 -0.922338 0.386385 52.8373
393 173 -0.898944 0.438064 -0.922338 0.386385 52.8373
393 173 -0.898944 0.438064 -0.922338 0.386385 52.8373
393 173 -0.898944 0.438064 -0.922338 0.386385 52.8373
393 173 -0.898944 0.438064 -0.922338 0.386385 52.8373
393 173 -0.898944 0.438064 -0.922338 0.386385 52.8373
393 173 -0.898944 0.438064 -0.922338 0.386385 52.8373
393 173 -0.898944 0.438064 -0.922338 0.386385 52.8373
393 173 -0.898944 0.438064 -0.922338 0.386385 52.8373
393 173 -0.898944 0.438064 -0.922338 0.386385 52.8373
393 173 -0.898944 0.438064 -0.922338 0.386385 52.8373
393 173 -0.898944 0.438064 -0.922338 0.386385 52.8373
393 173 -0.898944 0.438064 -0.922338 0.386385 52.8373
393 173 -0.898944 0.438064 -0.922338 0.386385 52.8373
393 173 -0.898944 0.438064 -0.922338 0.386385 52.8373
393 173 -0.898944 0.438064 -0.922338 0.386385 52.8373
393 173 -0.898944 0.438064 -0.922338 0.386385 52.8373
393 173 -0.898944 0.438064 -0.922338 0.386385 52.8373
393 173 -0.898944 0.438064 -0.922338 0.386385 52.8373
393 173 -0.898944 0.438064 -0.922338 0.386385 52.8373
393 173 -0.898944 0.438064 -0.922338 0.386385 52.8373
393 173 -0.898944 0.438064 -0.922338 0.386385 52.8373
393 173 -0.898944 0.438064 -0.922338 0.386385 52.8373
393 173 -0.898944 0.438064 -0.922338 0.386385 52.8373
393 173 -0.898944 0.438064 -0.922338 0.386385 52.8373
393 173 -0.898944 0.438064 -0.922338 0.386385 52.8373
393 173 -0.898944 0.438064 -0.922338 0.386385 52.8373
393 173 -0.898944 0.438064 -0.922338 0.386385 52.8373
393 173 -0.898944 0.438064 -0.922338 0.386385 52.8373
393 173 -0.898944 0.438064 -0.922338 0.386385 52.8373
393 173 -0.898944 0.438064 -0.922338 0.386385 52.8373
393 173 -0.898944 0.438064 -0.922338 0.386385 52.8373
393 173 -0.898944 0.438064 -0.922338 0.386385 52.8373
393 173 -0.898944 0.438064 -0.922338 0.386385 52.8373
393 173 -0.898944 0.438064 -0.922338 0.386385 52.8373
393 173 -0.898944 0.438064 -0.922338 0.386385 52.8373
393 173 -0.898944 0.438064 -0.922338 0.386385 52.8373
393 173 -0.898944 0.438064 -0.922338 0.386385 52.8373
393 173 -0.898944 0.438064 -0.922338 0.386385 52.8373
393 173 -0.898944 0.438064 -0.922338 0.386385 52.8373
393 173 -0.898944 0.438064 -0.922338 0.386385 52.8373
393 173 -0.898944 0.438064 -0.922338 0.386385 52.8373
393 173 -0.898944 0.438064 -0.922338 0.386385 52.8373
393 173 -0.898944 0.438064 -0.922338 0.386385 52.8373
393 173 -0.898944 0.438064 -0.922338 0.386385 52.8373
393 173 -0.898944 0.438064 -0.922338 0.386385 52.8373
393 173 -0.898944 0.438064 -0.922338 0.386385 52.8373
393 173 -0.898944 0.438064 -0.922338 0.386385 52.8373
393 173 -0.898944 0.438064 -0.922338 0.386385 52.8373
393 173 -0.898944 0.438064 -0.922338 0.386385 52.8373
393 173 -0.898944 0.438064 -0.922338 0.386385 52.8373
393 173 -0.898944 0.438064 -0.922338 0.386385 52.8373
393 173 -0.898944 0.438064 -0.922338 0.386385 52.8373
393 173 -0.898944 0.438064 -0.922338 0.386385 52.8373
393 173 -0.898944 0.438064 -0.922338 0.386385 52.8373
388 175 -0.897063 0.441903 -0.926739 0.375705 33.6598
388 173 -0.898811 0.438336 -0.928477 0.371391 0.77316
394 171 -0.897143 0.44174 -0.928477 0.371391 0
389 172 -0.898811 0.438336 -0.924167 0.381989 0
390 172 -0.898811 0.438336 -0.924167 0.381989 0
391 173 -0.898811 0.438336 -0.928477 0.371391 0
392 173 -0.898811 0.438336 -0.926739 0.375705 0
394 174 -0.897955 0.440087 -0.928477 0.371391 0
396 176 -0.897955 0.440087 -0.928477 0.371391 0
403 175 -0.898944 0.438064 -0.926739 0.375705 0
405 177 -0.898944 0.438064 -0.926739 0.375705 0
408 179 -0.898944 0.438064 -0.926739 0.375705 0
411 180 -0.899869 0.436161 -0.926739 0.375705 0
411 181 -0.898811 0.438336 -0.926739 0.375705 0
419 180 -0.897143 0.44174 -0.928477 0.371391 0
423 181 -0.897116 0.441796 -0.926739 0.375705 0
429 181 -0.898899 0.438157 -0.924167 0.381989 0
436 181 -0.89799 0.440015 -0.928477 0.371391 0
443 182 -0.899708 0.436492 -0.930155 0.367167 0
450 183 -0.898811 0.438336 -0.930155 0.367167 0
459 184 -0.898811 0.438336 -0.931777 0.36303 0
466 186 -0.898768 0.438424 -0.931777 0.36303 0
473 188 -0.899606 0.436702 -0.931777 0.36303 0
481 190 -0.899606 0.436702 -0.931777 0.36303 0
487 193 -0.899606 0.436702 -0.937313 0.348488 0
493 195 -0.901318 0.433158 -0.933346 0.358979 0
498 198 -0.901318 0.433158 -0.933346 0.358979 0
503 202 -0.900492 0.434872 -0.937313 0.348488 0
507 205 -0.900492 0.434872 -0.939793 0.341743 0
511 207 -0.902209 0.4313 -0.935829 0.352455 0
516 211 -0.900552 0.434749 -0.939793 0.341743 0
519 213 -0.901523 0.432731 -0.939793 0.341743 0
528 212 -0.902773 0.430117 -0.939793 0.341743 0
531 214 -0.901972 0.431795 -0.939793 0.341743 0
534 215 -0.903041 0.429555 -0.941195 0.337865 0
537 215 -0.904142 0.427232 -0.939793 0.341743 0
546 213 -0.903631 0.428311 -0.943667 0.330896 0
549 213 -0.902762 0.43014 -0.944986 0.327111 0
553 212 -0.902961 0.429722 -0.944986 0.327111 0
564 212 -0.904686 0.426078 -0.942549 0.334068 0
567 212 -0.903738 0.428086 -0.942549 0.334068 0
573 208 -0.9065 0.422206 -0.942549 0.334068 0
575 208 -0.904249 0.427006 -0.946261 0.323405 0
576 206 -0.905535 0.424272 -0.942549 0.334068 0
578 205 -0.90569 0.42394 -0.942549 0.334068 0
583 202 -0.904819 0.425797 -0.942549 0.334068 0
583 202 -0.904819 0.425797 -0.942549 0.334068 0
584 201 -0.903601 0.428374 -0.942549 0.334068 0
585 201 -0.902362 0.430979 -0.947492 0.319779 0
585 200 -0.904972 0.425472 -0.943858 0.33035 0
585 199 -0.904972 0.425472 -0.938748 0.344604 0
585 199 -0.904972 0.425472 -0.943858 0.33035 0
585 199 -0.904972 0.425472 -0.943858 0.33035 0
602 197 -0.907959 0.419058 -0.941479 0.337073 0
598 198 -0.90752 0.420009 -0.945125 0.32671 0
598 198 -0.90752 0.420009 -0.945125 0.32671 0
602 196 -0.907959 0.419058 -0.941479 0.337073 0
602 196 -0.907959 0.419058 -0.945125 0.32671 0
602 195 -0.907959 0.419058 -0.945125 0.32671 0
598 196 -0.90752 0.420009 -0.948683 0.316228 0
598 195 -0.90752 0.420009 -0.948683 0.316228 0
597 194 -0.90883 0.417168 -0.947492 0.319779 0
597 193 -0.905993 0.423292 -0.948683 0.316228 0
596 192 -0.907311 0.420461 -0.948683 0.316228 0
596 191 -0.904485 0.426505 -0.948683 0.316228 0
594 190 -0.907108 0.420898 -0.947492 0.319779 0
594 189 -0.907108 0.420898 -0.947492 0.319779 0
592 188 -0.906912 0.421321 -0.947492 0.319779 0
587 189 -0.907758 0.419494 -0.942549 0.334068 0
585 187 -0.907563 0.419917 -0.937313 0.348488 0
583 186 -0.907373 0.420327 -0.937313 0.348488 0
581 184 -0.907188 0.420725 -0.935829 0.352455 0
575 185 -0.906665 0.421851 -0.935829 0.352455 0
574 184 -0.905384 0.424594 -0.937313 0.348488 0
572 184 -0.905237 0.424907 -0.935829 0.352455 0
566 186 -0.904819 0.425797 -0.930155 0.367167 0
565 186 -0.905882 0.423529 -0.935829 0.352455 0
565 187 -0.903618 0.428339 -0.935829 0.352455 0
564 188 -0.904686 0.426078 -0.939793 0.341743 0
563 189 -0.905738 0.423839 -0.939793 0.341743 0
563 190 -0.905738 0.423839 -0.943667 0.330896 0
563 191 -0.905738 0.423839 -0.943667 0.330896 0
563 192 -0.905738 0.423839 -0.943667 0.330896 0
564 192 -0.904686 0.426078 -0.944986 0.327111 0
564 192 -0.904686 0.426078 -0.944986 0.327111 0
564 191 -0.906929 0.421283 -0.942549 0.334068 0
564 191 -0.906929 0.421283 -0.942549 0.334068 0
564 191 -0.904686 0.426078 -0.942549 0.334068 0
563 191 -0.905738 0.423839 -0.942549 0.334068 0
563 191 -0.903502 0.428584 -0.947492 0.319779 0
562 190 -0.904557 0.426352 -0.947492 0.319779 0
562 189 -0.904557 0.426352 -0.947492 0.319779 0
557 190 -0.905325 0.42472 -0.945125 0.32671 0
556 189 -0.904189 0.427132 -0.948683 0.316228 0
554 188 -0.906183 0.422885 -0.948683 0.316228 0
553 188 -0.902961 0.429722 -0.952151 0.305629 0
552 187 -0.903958 0.427621 -0.953231 0.302244 0
551 185 -0.904941 0.425538 -0.953231 0.302244 0
545 186 -0.904583 0.426298 -0.953231 0.302244 0
542 186 -0.905397 0.424565 -0.952151 0.305629 0
541 186 -0.904358 0.426776 -0.955524 0.294915 0
539 186 -0.904249 0.427006 -0.958798 0.284088 0
537 186 -0.906056 0.423158 -0.955524 0.294915 0
536 188 -0.903134 0.429359 -0.961069 0.276307 0
535 188 -0.904038 0.427453 -0.957826 0.287348 0
529 191 -0.903738 0.428086 -0.961069 0.276307 0
527 193 -0.903642 0.428289 -0.964205 0.265156 0
525 193 -0.905347 0.424673 -0.964205 0.265156 0
523 195 -0.905347 0.424673 -0.963343 0.268273 0
522 196 -0.9045 0.426474 -0.966438 0.256901 0
520 198 -0.9045 0.426474 -0.965616 0.259973 0
520 199 -0.903642 0.428289 -0.966438 0.256901 0
519 194 -0.902687 0.430297 -0.966438 0.256901 0
519 194 -0.902687 0.430297 -0.966438 0.256901 0
519 194 -0.902687 0.430297 -0.966438 0.256901 1.46981
519 194 -0.9045 0.426474 -0.966438 0.256901 9.36864
519 194 -0.9045 0.426474 -0.966438 0.256901 12.7681
519 194 -0.9045 0.426474 -0.966438 0.256901 14.8708
519 194 -0.9045 0.426474 -0.966438 0.256901 16.322
519 194 -0.9045 0.426474 -0.966438 0.256901 17.7869
519 194 -0.902687 0.430297 -0.966438 0.256901 20.0392
518 194 -0.903548 0.428487 -0.965616 0.259973 21.5651
518 194 -0.903548 0.428487 -0.965616 0.259973 21.5651
518 194 -0.903548 0.428487 -0.965616 0.259973 20.0392
518 194 -0.903548 0.428487 -0.965616 0.259973 19.0634
518 194 -0.903548 0.428487 -0.965616 0.259973 19.0634
518 194 -0.903548 0.428487 -0.965616 0.259973 19.0634
518 194 -0.903548 0.428487 -0.965616 0.259973 17.7869
518 194 -0.903548 0.428487 -0.966438 0.256901 18.1697
518 194 -0.903548 0.428487 -0.963343 0.268273 17.162
518 194 -0.903548 0.428487 -0.960136 0.279533 16.9911
518 194 -0.903548 0.428487 -0.960136 0.279533 15.9355
518 194 -0.903548 0.428487 -0.95682 0.29068 15.7882
518 193 -0.903548 0.428487 -0.949879 0.312618 14.7234
518 193 -0.903548 0.428487 -0.949879 0.312618 11.4329
518 193 -0.903548 0.428487 -0.946261 0.323405 7.18363
518 192 -0.903548 0.428487 -0.937313 0.348488 6.3715
512 196 -0.904604 0.426253 -0.941195 0.337865 9.46931
512 195 -0.906425 0.422366 -0.937313 0.348488 10.3062
512 195 -0.906425 0.422366 -0.937313 0.348488 16.0095
512 194 -0.906425 0.422366 -0.931777 0.36303 20.1506
512 194 -0.906425 0.422366 -0.931777 0.36303 22.2588
512 193 -0.906425 0.422366 -0.923431 0.383764 28.3457
512 193 -0.904604 0.426253 -0.923431 0.383764 31.6071
512 192 -0.906425 0.422366 -0.923431 0.383764 36.931
511 191 -0.907267 0.420556 -0.917262 0.398285 41.5629
511 191 -0.905459 0.424434 -0.915315 0.402739 44.6628
511 190 -0.906425 0.422366 -0.910782 0.412888 39.1013
511 190 -0.904604 0.426253 -0.915315 0.402739 39.5496
510 189 -0.905459 0.424434 -0.908677 0.4175 39.5496
510 189 -0.905459 0.424434 -0.908677 0.4175 39.5496
510 189 -0.905459 0.424434 -0.913302 0.407283 39.0608
511 188 -0.905459 0.424434 -0.910782 0.412888 39.0608
511 188 -0.905459 0.424434 -0.910782 0.412888 37.6287
511 188 -0.905459 0.424434 -0.910782 0.412888 37.6287
511 188 -0.905459 0.424434 -0.908677 0.4175 37.6636
511 188 -0.905459 0.424434 -0.908677 0.4175 37.6636
511 188 -0.905459 0.424434 -0.910782 0.412888 37.6287
511 188 -0.905459 0.424434 -0.910782 0.412888 37.6287
511 188 -0.905459 0.424434 -0.910782 0.412888 36.7203
511 188 -0.905459 0.424434 -0.910782 0.412888 35.7524
510 189 -0.9045 0.426474 -0.913302 0.407283 32.4517
510 188 -0.906303 0.422628 -0.908677 0.4175 29.211
510 188 -0.906303 0.422628 -0.908677 0.4175 25.8189
510 188 -0.906303 0.422628 -0.913302 0.407283 19.2475
510 188 -0.905459 0.424434 -0.913302 0.407283 15.556
509 188 -0.906303 0.422628 -0.911219 0.411921 15.7637
508 188 -0.9045 0.426474 -0.909065 0.416655 14.6071
507 188 -0.9045 0.426474 -0.909065 0.416655 15.2533
506 188 -0.9045 0.426474 -0.909065 0.416655 16.8014
504 188 -0.906303 0.422628 -0.906835 0.421487 18.3496
502 189 -0.905347 0.424673 -0.909474 0.41576 18.9713
500 189 -0.905347 0.424673 -0.899657 0.436598 19.195
499 189 -0.906183 0.422885 -0.902362 0.430979 19.195
497 189 -0.906183 0.422885 -0.894427 0.447214 19.8822
495 190 -0.907009 0.421111 -0.891667 0.452692 20.1448
494 191 -0.905237 0.424907 -0.897171 0.441684 19.2653
493 191 -0.906066 0.423137 -0.888803 0.458289 19.3243
493 191 -0.906066 0.423137 -0.891667 0.452692 17.9169
493 191 -0.906066 0.423137 -0.888803 0.458289 11.2874
493 191 -0.904298 0.426902 -0.888803 0.458289 11.2874
493 191 -0.904298 0.426902 -0.888803 0.458289 13.3065
494 190 -0.904298 0.426902 -0.880022 0.474933 15.642
494 189 -0.905129 0.425136 -0.880022 0.474933 19.8361
495 188 -0.90595 0.423384 -0.874157 0.485643 21.2998
496 188 -0.9042 0.427109 -0.880022 0.474933 19.5863
497 187 -0.905024 0.425361 -0.880022 0.474933 18.3569
499 186 -0.903278 0.429057 -0.874157 0.485643 22.6849
500 185 -0.904104 0.427313 -0.874157 0.485643 24.3167
501 185 -0.904104 0.427313 -0.868243 0.496139 25.9638
501 185 -0.90492 0.425581 -0.868243 0.496139 30.1534
501 184 -0.90492 0.425581 -0.874157 0.485643 26.6075
502 184 -0.904104 0.427313 -0.874157 0.485643 24.6984
502 184 -0.90492 0.425581 -0.868243 0.496139 27.2408
503 183 -0.90492 0.425581 -0.868243 0.496139 28.7789
504 182 -0.905727 0.423862 -0.871576 0.490261 29.8245
505 182 -0.905727 0.423862 -0.871576 0.490261 31.3926
507 181 -0.905727 0.423862 -0.871576 0.490261 31.3926
507 181 -0.905727 0.423862 -0.874791 0.4845 30.4741
508 180 -0.905727 0.423862 -0.869065 0.494698 28.8994
508 180 -0.905727 0.423862 -0.869065 0.494698 28.6535
508 180 -0.905727 0.423862 -0.874791 0.4845 28.6535
508 180 -0.905727 0.423862 -0.874791 0.4845 28.6535
509 180 -0.905727 0.423862 -0.874791 0.4845 28.6535
509 180 -0.905727 0.423862 -0.874791 0.4845 32.0639
509 180 -0.905727 0.423862 -0.874791 0.4845 33.1881
509 180 -0.905727 0.423862 -0.877896 0.478852 30.103
509 180 -0.905727 0.423862 -0.877896 0.478852 31.4913
509 180 -0.905727 0.423862 -0.877896 0.478852 31.4913
509 180 -0.905727 0.423862 -0.877896 0.478852 31.4913
510 180 -0.905727 0.423862 -0.880893 0.473316 29.5441
510 180 -0.905727 0.423862 -0.886349 0.463018 23.5851
511 181 -0.90492 0.425581 -0.889136 0.457643 20.9715
511 181 -0.90492 0.425581 -0.897012 0.442006 17.5263
512 181 -0.90492 0.425581 -0.899508 0.436904 15.0445
512 182 -0.90492 0.425581 -0.899508 0.436904 10.7192
513 182 -0.904104 0.427313 -0.909065 0.416655 4.97337
513 182 -0.904104 0.427313 -0.909065 0.416655 0.612239
514 182 -0.905024 0.425361 -0.917857 0.396911 0
513 183 -0.905024 0.425361 -0.922338 0.386385 0
513 183 -0.9042 0.427109 -0.924167 0.381989 0
513 183 -0.90595 0.423384 -0.924167 0.381989 0
513 183 -0.905129 0.425136 -0.928477 0.371391 0
513 183 -0.906066 0.423137 -0.930155 0.367167 0
512 184 -0.904298 0.426902 -0.935829 0.352455 0
511 184 -0.906066 0.423137 -0.935829 0.352455 0.224724
511 185 -0.906183 0.422885 -0.941195 0.337865 5.30483
511 186 -0.905347 0.424673 -0.946261 0.323405 7.09475
510 187 -0.905347 0.424673 -0.949879 0.312618 10.2551
509 189 -0.9045 0.426474 -0.95448 0.298275 11.3798
509 190 -0.903642 0.428289 -0.958798 0.284088 9.88212
508 190 -0.906425 0.422366 -0.957826 0.287348 10.5241
508 191 -0.905573 0.42419 -0.961971 0.273152 11.9562
507 192 -0.905573 0.42419 -0.965843 0.259129 13.3865
507 193 -0.907399 0.420269 -0.969452 0.245283 11.464
507 194 -0.90655 0.422098 -0.972174 0.234259 8.23017
507 195 -0.90655 0.422098 -0.974786 0.223144 6.47247
508 196 -0.90569 0.42394 -0.977802 0.209529 4.8513
508 196 -0.90569 0.42394 -0.977802 0.209529 5.94384
509 196 -0.90569 0.42394 -0.980581 0.196116 5.88676
509 197 -0.904819 0.425797 -0.982741 0.184987 7.05529
509 198 -0.904819 0.425797 -0.985128 0.171825 7.12839
509 199 -0.904819 0.425797 -0.987007 0.160676 6.76578
509 199 -0.904819 0.425797 -0.987007 0.160676 6.50486
509 200 -0.904819 0.425797 -0.98902 0.147785 7.52881
508 201 -0.904819 0.425797 -0.992101 0.125438 4.86582
508 202 -0.904819 0.425797 -0.993459 0.114191 3.59279
508 203 -0.906678 0.421823 -0.994692 0.102899 3.38687
509 204 -0.903936 0.427668 -0.995893 0.0905358 2.17034
509 204 -0.905809 0.423685 -0.996851 0.079295 0.870526
509 205 -0.905809 0.423685 -0.997684 0.0680239 0
509 205 -0.90493 0.425561 -0.99839 0.0567267 0
509 205 -0.90493 0.425561 -0.99839 0.0567267 0
508 205 -0.905809 0.423685 -0.998353 0.0573766 0
508 205 -0.906808 0.421543 -0.99839 0.0567267 0
507 206 -0.90493 0.425561 -0.998945 0.0459285 0
507 206 -0.90493 0.425561 -0.998945 0.0459285 0
506 206 -0.906808 0.421543 -0.998945 0.0459285 0
506 206 -0.906808 0.421543 -0.998945 0.0459285 0
506 206 -0.90493 0.425561 -0.998945 0.0459285 0
505 206 -0.905809 0.423685 -0.99892 0.0464614 0
505 206 -0.906808 0.421543 -0.998314 0.0580415 0
505 206 -0.905809 0.423685 -0.998274 0.058722 0
505 206 -0.905809 0.423685 -0.998274 0.058722 0
505 206 -0.905809 0.423685 -0.998274 0.058722 0
504 206 -0.906678 0.421823 -0.997459 0.071247 0
504 206 -0.904819 0.425797 -0.997397 0.072101 0
504 206 -0.906678 0.421823 -0.996376 0.0850565 0
505 206 -0.905809 0.423685 -0.995387 0.0959409 0
505 206 -0.904819 0.425797 -0.994031 0.109101 0
506 206 -0.904819 0.425797 -0.990904 0.134567 0
507 206 -0.906678 0.421823 -0.989203 0.146549 0
507 207 -0.906678 0.421823 -0.988936 0.14834 0
509 208 -0.904819 0.425797 -0.988936 0.14834 0
510 209 -0.90569 0.42394 -0.988936 0.14834 0
512 210 -0.904819 0.425797 -0.989203 0.146549 0
514 211 -0.906678 0.421823 -0.987364 0.158466 0
516 213 -0.90569 0.42394 -0.989203 0.146549 0
518 215 -0.90655 0.422098 -0.988936 0.14834 0
521 217 -0.90655 0.422098 -0.987364 0.158466 0
526 220 -0.90655 0.422098 -0.989203 0.146549 0
527 220 -0.907399 0.420269 -0.987364 0.158466 0
530 222 -0.908381 0.418144 -0.987364 0.158466 0
533 224 -0.907673 0.419677 -0.987665 0.156581 0
540 224 -0.909145 0.41648 -0.987364 0.158466 0
542 227 -0.907358 0.420358 -0.987364 0.158466 0
545 229 -0.90857 0.417733 -0.987364 0.158466 0
548 231 -0.907804 0.419395 -0.985736 0.168296 0
544 230 -0.905521 0.424301 -0.98539 0.170314 0
546 231 -0.907652 0.419723 -0.98539 0.170314 0
549 233 -0.906863 0.421425 -0.985736 0.168296 0
551 234 -0.907009 0.421111 -0.983677 0.179941 0
559 235 -0.907627 0.419778 -0.98539 0.170314 0
560 237 -0.90662 0.421949 -0.985736 0.168296 0
563 239 -0.907959 0.419058 -0.985736 0.168296 0
566 243 -0.90709 0.420937 -0.987665 0.156581 0
573 244 -0.908868 0.417083 -0.985736 0.168296 0
576 247 -0.910366 0.413803 -0.985736 0.168296 0
579 251 -0.909474 0.41576 -0.985736 0.168296 0
585 253 -0.910134 0.414315 -0.987665 0.156581 0
587 256 -0.910366 0.413803 -0.987364 0.158466 0
591 261 -0.908167 0.418608 -0.987665 0.156581 0
592 262 -0.909629 0.415421 -0.987665 0.156581 0
597 263 -0.90883 0.417168 -0.987665 0.156581 0
598 265 -0.910366 0.413803 -0.989461 0.144799 0
600 266 -0.910628 0.413226 -0.989461 0.144799 0
600 268 -0.910628 0.413226 -0.991122 0.132955 0
607 272 -0.913138 0.407651 -0.992646 0.121054 0
604 274 -0.911179 0.412011 -0.995387 0.0959409 0
604 275 -0.911179 0.412011 -0.995387 0.0959409 0
604 275 -0.911179 0.412011 -0.995496 0.0948091 0
604 274 -0.911179 0.412011 -0.996546 0.0830455 0
603 274 -0.912509 0.409056 -0.996462 0.084039 0
603 274 -0.912509 0.409056 -0.996546 0.0830455 0
603 274 -0.912509 0.409056 -0.997459 0.071247 0
603 274 -0.912509 0.409056 -0.996626 0.0820751 0
602 273 -0.913812 0.406138 -0.997459 0.071247 0
602 273 -0.913812 0.406138 -0.997459 0.071247 0
602 273 -0.913812 0.406138 -0.997518 0.070413 0
602 273 -0.913812 0.406138 -0.997518 0.070413 0
602 273 -0.913812 0.406138 -0.997459 0.071247 0
602 274 -0.910899 0.412629 -0.998274 0.058722 0
602 274 -0.910899 0.412629 -0.998274 0.058722 0
602 274 -0.910899 0.412629 -0.998274 0.058722 0
601 274 -0.912211 0.409722 -0.998233 0.0594186 0
601 274 -0.912211 0.409722 -0.998274 0.058722 0
600 273 -0.913495 0.406851 -0.998274 0.058722 0
598 272 -0.913188 0.407538 -0.998233 0.0594186 0
597 271 -0.911642 0.410986 -0.998274 0.058722 0
591 271 -0.913517 0.406801 -0.998274 0.058722 0
589 269 -0.910606 0.413275 -0.998274 0.058722 0
583 268 -0.909908 0.414811 -0.998895 0.0470068 0
580 264 -0.910815 0.412815 -0.998895 0.0470068 0
577 260 -0.909267 0.416214 -0.998895 0.0470068 0
574 254 -0.910151 0.414276 -0.998895 0.0470068 0
572 248 -0.909942 0.414735 -0.998895 0.0470068 0
564 244 -0.911371 0.411587 -0.998274 0.058722 0
581 246 -0.91463 0.404293 -0.998895 0.0470068 0
574 242 -0.914849 0.403796 -0.998895 0.0470068 0
572 236 -0.91458 0.404406 -0.99892 0.0464614 0
569 231 -0.913057 0.407832 -0.99892 0.0464614 0
562 227 -0.913331 0.407218 -0.99892 0.0464614 0
559 222 -0.911922 0.410365 -0.999392 0.0348625 0
556 217 -0.910558 0.413382 -0.99892 0.0464614 0
548 214 -0.911822 0.410586 -0.999392 0.0348625 0
545 209 -0.910546 0.413409 -0.999392 0.0348625 0
541 204 -0.912113 0.409938 -0.99892 0.0464614 0
537 199 -0.911734 0.410781 -0.99892 0.0464614 0
529 197 -0.911022 0.412357 -0.99892 0.0464614 0
525 193 -0.910688 0.413095 -0.998895 0.0470068 0
520 189 -0.910688 0.413095 -0.999378 0.0352722 0
516 186 -0.909881 0.414868 -0.99892 0.0464614 0
512 183 -0.909881 0.414868 -0.998895 0.0470068 0
502 171 -0.905347 0.424673 -0.998895 0.0470068 0
499 168 -0.907136 0.420837 -0.998274 0.058722 0
496 166 -0.906303 0.422628 -0.998274 0.058722 0
493 164 -0.905459 0.424434 -0.998274 0.058722 0
489 163 -0.905459 0.424434 -0.998233 0.0594186 0
486 161 -0.906425 0.422366 -0.997397 0.072101 0
483 160 -0.905573 0.42419 -0.996462 0.084039 0
479 160 -0.905573 0.42419 -0.996376 0.0850565 0
477 159 -0.90655 0.422098 -0.995275 0.0971 0
475 159 -0.90655 0.422098 -0.995275 0.0971 0
473 160 -0.90471 0.426028 -0.995158 0.0982872 0
466 148 -0.899184 0.437571 -0.994031 0.109101 0
464 149 -0.901071 0.433671 -0.992465 0.122527 0
464 150 -0.899184 0.437571 -0.992465 0.122527 0
463 151 -0.899184 0.437571 -0.992465 0.122527 0
462 151 -0.901071 0.433671 -0.990904 0.134567 0
462 152 -0.900159 0.435561 -0.989203 0.146549 0
462 154 -0.900159 0.435561 -0.990904 0.134567 0
463 155 -0.900159 0.435561 -0.989461 0.144799 0
463 156 -0.900159 0.435561 -0.989203 0.146549 0
463 157 -0.900159 0.435561 -0.989203 0.146549 0
464 157 -0.899235 0.437466 -0.987665 0.156581 0
464 157 -0.901143 0.433523 -0.987364 0.158466 0
464 158 -0.900159 0.435561 -0.989203 0.146549 0
464 157 -0.900159 0.435561 -0.98539 0.170314 0
465 157 -0.899235 0.437466 -0.983282 0.182089 0
465 157 -0.900159 0.435561 -0.980581 0.196116 0
466 157 -0.898257 0.43947 -0.977621 0.210374 0
466 156 -0.901071 0.433671 -0.974391 0.224859 0
467 156 -0.899184 0.437571 -0.97159 0.236669 0
469 156 -0.899184 0.437571 -0.97159 0.236669 0
470 155 -0.900099 0.435686 -0.968664 0.248375 0
471 154 -0.900099 0.435686 -0.964764 0.263117 0
472 154 -0.900099 0.435686 -0.961524 0.274721 0
473 154 -0.901002 0.433816 -0.95713 0.289658 0
474 154 -0.901002 0.433816 -0.95713 0.289658 0
476 155 -0.899134 0.437674 -0.958168 0.286206 0
477 155 -0.900039 0.435809 -0.95713 0.289658 0
478 156 -0.900039 0.435809 -0.95713 0.289658 0
480 157 -0.900039 0.435809 -0.95713 0.289658 0
481 158 -0.900039 0.435809 -0.95713 0.289658 0
482 159 -0.900039 0.435809 -0.95713 0.289658 0
482 160 -0.901893 0.431959 -0.95713 0.289658 0
484 161 -0.900039 0.435809 -0.95713 0.289658 0
485 162 -0.900039 0.435809 -0.95713 0.289658 0
487 163 -0.900039 0.435809 -0.961524 0.274721 0
489 164 -0.900039 0.435809 -0.96245 0.27146 0
490 165 -0.901893 0.431959 -0.96245 0.27146 0
491 166 -0.901893 0.431959 -0.963343 0.268273 0
492 167 -0.901893 0.431959 -0.966438 0.256901 0
492 168 -0.901893 0.431959 -0.967231 0.253898 0
493 169 -0.901893 0.431959 -0.967231 0.253898 0
493 170 -0.901893 0.431959 -0.970142 0.242536 0
494 170 -0.901893 0.431959 -0.967231 0.253898 0
495 171 -0.901893 0.431959 -0.967231 0.253898 0
496 173 -0.901893 0.431959 -0.967231 0.253898 0
498 175 -0.901893 0.431959 -0.967997 0.250962 0
501 177 -0.901893 0.431959 -0.967231 0.253898 0
503 181 -0.901893 0.431959 -0.967997 0.250962 0
505 185 -0.901893 0.431959 -0.970142 0.242536 0
508 189 -0.901893 0.431959 -0.970142 0.242536 0
510 192 -0.903738 0.428086 -0.967231 0.253898 0
513 197 -0.902861 0.429934 -0.970142 0.242536 1.61989
515 200 -0.90471 0.426028 -0.970142 0.242536 3.2148
518 204 -0.903836 0.42788 -0.972937 0.231072 3.95726
520 207 -0.903836 0.42788 -0.970142 0.242536 6.30213
521 210 -0.90471 0.426028 -0.972275 0.233838 8.60749
523 213 -0.903836 0.42788 -0.972937 0.231072 12.0579
524 215 -0.903836 0.42788 -0.972275 0.233838 13.3897
526 216 -0.904819 0.425797 -0.972937 0.231072 17.5584
526 218 -0.903836 0.42788 -0.972275 0.233838 22.0085
527 219 -0.90569 0.42394 -0.972275 0.233838 25.5099
528 220 -0.904819 0.425797 -0.972275 0.233838 27.478
529 221 -0.904819 0.425797 -0.972937 0.231072 25.9985
530 223 -0.904819 0.425797 -0.975011 0.222155 26.0376
531 224 -0.904819 0.425797 -0.972275 0.233838 26.5699
532 225 -0.904819 0.425797 -0.972275 0.233838 25.5099
533 227 -0.903936 0.427668 -0.972275 0.233838 25.5099
535 228 -0.904038 0.427453 -0.975011 0.222155 24.471
536 228 -0.906941 0.421257 -0.972275 0.233838 24.471
538 237 -0.908986 0.416828 -0.975011 0.222155 23.8726
544 235 -0.909474 0.41576 -0.972275 0.233838 24.3799
545 236 -0.90857 0.417733 -0.975011 0.222155 23.0264
547 236 -0.908731 0.417382 -0.975011 0.222155 21.1259
548 236 -0.907804 0.419395 -0.97561 0.219512 20.8275
548 237 -0.907804 0.419395 -0.97561 0.219512 18.678
548 237 -0.907804 0.419395 -0.978159 0.207859 14.6424
548 237 -0.907804 0.419395 -0.977621 0.210374 12.0425
548 236 -0.909819 0.415005 -0.975011 0.222155 7.52206
549 236 -0.908896 0.417023 -0.978159 0.207859 3.53585
549 236 -0.908896 0.417023 -0.978159 0.207859 1.24127
549 236 -0.908896 0.417023 -0.978159 0.207859 0
550 237 -0.905909 0.423472 -0.980581 0.196116 0
551 237 -0.907009 0.421111 -0.980581 0.196116 0
551 240 -0.911108 0.412168 -0.977621 0.210374 0
553 243 -0.909238 0.416277 -0.980101 0.198501 0
555 245 -0.909415 0.415891 -0.980101 0.198501 0
562 247 -0.908973 0.416854 -0.980581 0.196116 0
565 250 -0.910367 0.413803 -0.980581 0.196116 0
568 254 -0.90954 0.415617 -0.980581 0.196116 0
576 256 -0.910366 0.413803 -0.982872 0.184289 0
579 259 -0.911922 0.410365 -0.980581 0.196116 0
581 263 -0.912169 0.409815 -0.980581 0.196116 0
587 264 -0.912954 0.408063 -0.982872 0.184289 0
589 268 -0.910606 0.413275 -0.982872 0.184289 0
590 269 -0.912054 0.410071 -0.982872 0.184289 0
591 270 -0.910853 0.41273 -0.982872 0.184289 0
591 270 -0.913517 0.406801 -0.982447 0.186541 0
591 270 -0.913517 0.406801 -0.982872 0.184289 0
591 269 -0.913517 0.406801 -0.982872 0.184289 0
591 268 -0.913517 0.406801 -0.982447 0.186541 0
591 267 -0.913517 0.406801 -0.982872 0.184289 0
590 266 -0.912054 0.410071 -0.984658 0.174496 0
590 264 -0.912054 0.410071 -0.982872 0.184289 0
589 262 -0.910606 0.413275 -0.982872 0.184289 0
588 259 -0.911791 0.410654 -0.985031 0.17238 0
587 256 -0.912954 0.408063 -0.985031 0.17238 0
585 252 -0.912685 0.408665 -0.983282 0.182089 0
579 249 -0.911922 0.410365 -0.982872 0.184289 0
577 244 -0.909267 0.416214 -0.983282 0.182089 0
574 238 -0.910151 0.414276 -0.985736 0.168296 0
579 244 -0.911922 0.410365 -0.987364 0.158466 0
575 237 -0.913812 0.406138 -0.98539 0.170314 0
572 230 -0.91227 0.40959 -0.985736 0.168296 0
563 225 -0.912359 0.409392 -0.985736 0.168296 0
559 218 -0.911922 0.410365 -0.985736 0.168296 0
554 211 -0.912438 0.409215 -0.98539 0.170314 0
545 208 -0.910546 0.413409 -0.985736 0.168296 0
541 201 -0.912113 0.409938 -0.985736 0.168296 0
537 196 -0.911734 0.410781 -0.985736 0.168296 0
529 194 -0.909216 0.416325 -0.987665 0.156581 0
524 189 -0.911656 0.410954 -0.98539 0.170314 0
520 186 -0.909881 0.414868 -0.98539 0.170314 0
517 183 -0.909065 0.416655 -0.987665 0.156581 0
514 179 -0.909065 0.416655 -0.985736 0.168296 0
510 176 -0.910853 0.41273 -0.98539 0.170314 0
508 174 -0.908238 0.418455 -0.987665 0.156581 0
506 159 -0.905347 0.424673 -0.986071 0.166325 0
502 156 -0.905347 0.424673 -0.984059 0.177842 0
499 153 -0.905347 0.424673 -0.986071 0.166325 0
495 151 -0.905347 0.424673 -0.985736 0.168296 0
491 148 -0.906303 0.422628 -0.983677 0.179941 0
488 146 -0.903642 0.428289 -0.985736 0.168296 0
484 143 -0.903642 0.428289 -0.983677 0.179941 0
481 141 -0.902773 0.430117 -0.985736 0.168296 0
478 139 -0.903738 0.428086 -0.985736 0.168296 0
474 138 -0.903738 0.428086 -0.985736 0.168296 0
471 137 -0.903738 0.428086 -0.985736 0.168296 0
468 136 -0.905573 0.42419 -0.983282 0.182089 0
466 136 -0.903836 0.42788 -0.983282 0.182089 0
464 137 -0.90295 0.429746 -0.98539 0.170314 0
461 137 -0.904819 0.425797 -0.983282 0.182089 0
459 139 -0.903936 0.427668 -0.982872 0.184289 0
458 140 -0.903041 0.429555 -0.983282 0.182089 0
440 135 -0.900221 0.435433 -0.982872 0.184289 0
439 136 -0.898341 0.439299 -0.982872 0.184289 0
425 111 -0.903936 0.427668 -0.985031 0.17238 0
424 112 -0.903936 0.427668 -0.985031 0.17238 0
424 114 -0.902134 0.431455 -0.98539 0.170314 0
423 115 -0.902134 0.431455 -0.985031 0.17238 0
423 116 -0.904038 0.427453 -0.982872 0.184289 0
423 118 -0.902134 0.431455 -0.98539 0.170314 0
424 119 -0.904038 0.427453 -0.985031 0.17238 0
424 120 -0.904038 0.427453 -0.98539 0.170314 0
421 124 -0.903836 0.42788 -0.987364 0.158466 0
425 124 -0.904038 0.427453 -0.987364 0.158466 0
426 126 -0.904038 0.427453 -0.987364 0.158466 0
427 129 -0.905043 0.425321 -0.989461 0.144799 0
428 132 -0.906056 0.423158 -0.989461 0.144799 0
429 136 -0.905158 0.425074 -0.991332 0.131381 0
429 140 -0.905158 0.425074 -0.991122 0.132955 0
429 139 -0.902218 0.43128 -0.991332 0.131381 0
429 144 -0.904142 0.427232 -0.99282 0.119617 0
429 150 -0.903229 0.429159 -0.99282 0.119617 0
424 158 -0.903041 0.429555 -0.99282 0.119617 0
427 161 -0.905158 0.425074 -0.994172 0.107802 0
423 170 -0.903041 0.429555 -0.994172 0.107802 0
427 174 -0.904249 0.427006 -0.994309 0.106533 0
422 182 -0.90493 0.425561 -0.994309 0.106533 0
427 187 -0.904249 0.427006 -0.995496 0.0948091 0
423 195 -0.905931 0.423424 -0.995496 0.0948091 0
425 201 -0.905043 0.425321 -0.9956 0.0937035 0
427 236 -0.915921 0.401359 -0.997397 0.072101 0
430 242 -0.915921 0.401359 -0.997397 0.072101 0
432 247 -0.915921 0.401359 -0.99819 0.060132 0
440 251 -0.915549 0.402206 -0.99819 0.060132 0
439 258 -0.915921 0.401359 -0.99819 0.060132 0
443 262 -0.915921 0.401359 -0.997397 0.072101 0
446 267 -0.917806 0.397029 -0.998233 0.0594186 0
451 272 -0.915921 0.401359 -0.998868 0.0475652 0
455 276 -0.915921 0.401359 -0.998895 0.0470068 0
459 280 -0.916744 0.399475 -0.999378 0.0352722 0
463 293 -0.920752 0.390149 -0.999723 0.0235229 0
468 296 -0.921538 0.388288 -0.999717 0.0238028 0
473 298 -0.922313 0.386444 -0.999931 0.0117639 0
478 300 -0.92125 0.388972 -0.999932 0.0116271 0
487 300 -0.921832 0.387589 -1 0 0
488 303 -0.920194 0.391464 -1 0 0
497 302 -0.919679 0.392672 -0.999934 -0.0114935 0
501 302 -0.92047 0.390814 -0.999934 -0.0114935 0
504 302 -0.922018 0.387146 -0.999934 -0.0114935 0
509 301 -0.922018 0.387146 -0.999742 -0.0227214 0
512 300 -0.92173 0.387832 -0.999742 -0.0227214 0
515 299 -0.922482 0.386039 -0.999742 -0.0227214 0
519 299 -0.921448 0.388502 -0.999419 -0.0340711 0
520 298 -0.923225 0.384261 -0.999742 -0.0227214 0
546 296 -0.909645 0.415387 -0.99994 0.0109883 0
563 304 -0.914535 0.404506 -0.99994 0.0109883 0
565 304 -0.912586 0.408886 -0.999764 0.021734 0
572 302 -0.91227 0.40959 -0.999941 0.0108689 0
572 301 -0.91458 0.404406 -0.99994 0.0109883 0
574 302 -0.912509 0.409056 -1 0 0
576 301 -0.915126 0.403167 -0.999941 0.0108689 0
582 300 -0.913536 0.406757 -1 0 0
584 299 -0.913812 0.406138 -1 0 0
586 298 -0.914095 0.405501 -1 0 0
592 296 -0.912324 0.409468 -0.999942 -0.0107521 0
593 295 -0.913812 0.406138 -0.999942 -0.0107521 0
594 295 -0.912603 0.408846 -0.999769 -0.0215004 0
595 294 -0.911371 0.411587 -0.999769 -0.0215004 0
596 293 -0.912891 0.408203 -0.999769 -0.0215004 0
583 280 -0.909908 0.414811 -0.999943 -0.0106377 0
583 279 -0.909908 0.414811 -0.999942 -0.0107521 0
585 278 -0.907563 0.419917 -0.999774 -0.0212718 0
589 275 -0.907959 0.419058 -0.999769 -0.0215004 0
590 272 -0.909398 0.415926 -0.999769 -0.0215004 0
592 270 -0.909629 0.415421 -0.999769 -0.0215004 0
594 268 -0.907108 0.420898 -0.999769 -0.0215004 0
596 265 -0.910113 0.41436 -0.999942 -0.0107521 0
601 261 -0.909308 0.416124 -0.999769 -0.0215004 0
603 258 -0.909559 0.415574 -0.999769 -0.0215004 0
609 253 -0.910367 0.413803 -0.999941 -0.0108689 0
611 251 -0.907467 0.420124 -0.999764 -0.021734 0
614 248 -0.909475 0.41576 -0.999764 -0.021734 0
620 245 -0.910366 0.413803 -0.999942 -0.0107521 0
626 243 -0.911371 0.411587 -0.999764 -0.021734 0
629 244 -0.91002 0.414565 -0.999469 -0.0325914 0
635 244 -0.907009 0.421111 -0.999469 -0.0325914 0
640 245 -0.909972 0.414671 -0.999056 -0.0434372 0
645 246 -0.913302 0.407283 -0.99948 -0.0322413 0
650 248 -0.912169 0.409815 -0.999056 -0.0434372 0
653 251 -0.910366 0.413803 -0.999076 -0.042971 0
658 252 -0.914429 0.404747 -0.999076 -0.042971 0
665 253 -0.907467 0.420124 -0.998558 -0.0536859 0
669 255 -0.915315 0.402739 -0.999076 -0.042971 0
676 255 -0.914687 0.404164 -0.997925 -0.0643823 0
686 242 -0.910366 0.413803 -0.998618 -0.0525588 0
691 243 -0.919145 0.393919 -0.998618 -0.0525588 0
698 244 -0.919145 0.393919 -0.998618 -0.0525588 0
703 245 -0.916157 0.400819 -0.998011 -0.0630323 0
709 245 -0.928477 0.371391 -0.998646 -0.0520128 0
714 245 -0.928477 0.371391 -0.998618 -0.0525588 0
719 245 -0.928477 0.371391 -0.998646 -0.0520128 0
-1 -1 -0.945888 -0.324492 -0.998646 -0.0520128 0
-1 -1 -0.945485 -0.325667 -0.998646 -0.0520128 0
-1 -1 -0.940971 -0.338488 -0.998618 -0.0525588 0
-1 -1 -0.940971 -0.338488 -0.998053 -0.0623783 0
-1 -1 -0.941386 -0.33733 -0.998053 -0.0623783 0
-1 -1 -0.941386 -0.33733 -0.998053 -0.0623783 0
-1 -1 -0.941386 -0.33733 -0.998053 -0.0623783 0
-1 -1 -0.941386 -0.33733 -0.998053 -0.0623783 0
-1 -1 -0.941801 -0.336171 -0.998092 -0.0617377 0
-1 -1 -0.942215 -0.33501 -0.998053 -0.0623783 0
-1 -1 -0.942627 -0.333847 -0.998053 -0.0623783 0
-1 -1 -0.943449 -0.331517 -0.998053 -0.0623783 0
-1 -1 -0.944266 -0.329182 -0.998674 -0.051478 0
-1 -1 -0.94508 -0.32684 -0.998092 -0.0617377 0
-1 -1 -0.945888 -0.324492 -0.998092 -0.0617377 0
-1 -1 -0.947093 -0.320959 -0.998131 -0.0611101 0
-1 -1 -0.948683 -0.316228 -0.998092 -0.0617377 0
-1 -1 -0.950255 -0.311473 -0.998092 -0.0617377 0
-1 -1 -0.952193 -0.305495 -0.998131 -0.0611101 0
-1 -1 -0.954102 -0.299482 -0.998092 -0.0617377 0
-1 -1 -0.956352 -0.292219 -0.998092 -0.0617377 0
689 175 -0.906183 0.422885 -0.998169 -0.0604951 0
689 175 -0.906183 0.422885 -0.998169 -0.0604951 0
689 175 -0.906183 0.422885 -0.998169 -0.0604951 0
689 175 -0.906183 0.422885 -0.998169 -0.0604951 0
689 175 -0.906183 0.422885 -0.998169 -0.0604951 0
-1 -1 -0.960714 -0.27754 -0.998092 -0.0617377 0
-1 -1 -0.960714 -0.27754 -0.998092 -0.0617377 0
-1 -1 -0.960714 -0.27754 -0.998092 -0.0617377 0
-1 -1 -0.960714 -0.27754 -0.998092 -0.0617377 0
-1 -1 -0.960714 -0.27754 -0.998092 -0.0617377 0
-1 -1 -0.960714 -0.27754 -0.998092 -0.0617377 0
-1 -1 -0.960714 -0.27754 -0.998092 -0.0617377 0
-1 -1 -0.962127 -0.272603 -0.997406 -0.0719778 0
719 198 -0.961524 0.274721 -0.998092 -0.0617377 0
712 196 -0.961524 0.274721 -0.998674 -0.051478 0
706 195 -0.933346 0.358979 -0.998674 -0.051478 0
697 195 -0.925547 0.378633 -0.998646 -0.0520128 0
689 194 -0.928477 0.371391 -0.998646 -0.0520128 4.57686
683 195 -0.923077 0.384615 -0.998646 -0.0520128 11.9052
663 162 -0.907009 0.421111 -0.999151 -0.0412021 15.0561
629 125 -0.894427 0.447214 -0.999796 -0.0201979 15.2001
628 126 -0.892457 0.451132 -0.99955 -0.0299865 15.6182
628 126 -0.892457 0.451132 -0.999796 -0.0201979 15.6182
628 127 -0.892457 0.451132 -0.999796 -0.0201979 18.2502
628 128 -0.896389 0.443269 -0.999796 -0.0201979 20.7987
629 129 -0.894427 0.447214 -0.999949 -0.0101005 22.1275
630 131 -0.892413 0.45122 -0.999949 -0.0101005 23.1282
630 133 -0.896433 0.44318 -0.999949 -0.0101005 24.4108
632 137 -0.892366 0.451312 -0.999949 -0.0101005 25.2255
636 139 -0.892267 0.451509 -0.999949 -0.0101005 29.5085
637 143 -0.894427 0.447214 -0.999949 -0.0101005 33.8485
642 148 -0.892098 0.451842 -0.999796 -0.0201979 34.6788
651 179 -0.904819 0.425797 -0.999522 -0.0309131 34.7831
656 185 -0.902861 0.429934 -0.999522 -0.0309131 34.7831
660 191 -0.903426 0.428744 -0.999512 -0.0312348 33.6598
661 198 -0.906582 0.42203 -0.999133 -0.0416305 31.601
666 196 -0.904432 0.426619 -0.999151 -0.0412021 26.3995
670 201 -0.905237 0.424907 -0.999151 -0.0412021 19.4301
671 208 -0.909065 0.416655 -0.998646 -0.0520128 10.6863
674 213 -0.906183 0.422885 -0.998674 -0.051478 7.21628
675 218 -0.902481 0.43073 -0.998053 -0.0623783 2.86931
677 221 -0.911108 0.412168 -0.998011 -0.0630323 0
678 224 -0.907311 0.420461 -0.998053 -0.0623783 0
679 227 -0.903277 0.429057 -0.998011 -0.0630323 0
679 228 -0.903277 0.429057 -0.998011 -0.0630323 0
679 229 -0.911922 0.410365 -0.998011 -0.0630323 0
679 229 -0.911922 0.410365 -0.998053 -0.0623783 0
679 229 -0.911922 0.410365 -0.998011 -0.0630323 0
679 229 -0.903277 0.429057 -0.998011 -0.0630323 0
679 228 -0.903277 0.429057 -0.998646 -0.0520128 0
679 227 -0.903277 0.429057 -0.998646 -0.0520128 0
678 225 -0.907311 0.420461 -0.998646 -0.0520128 0
676 224 -0.906721 0.421731 -0.999133 -0.0416305 0
666 264 -0.917345 0.398093 -0.998526 -0.0542677 0
666 261 -0.917345 0.398093 -0.99948 -0.0322413 0
662 258 -0.921635 0.388057 -0.999769 -0.0215004 0
661 254 -0.918324 0.395829 -0.999769 -0.0215004 0
657 250 -0.916835 0.399267 -0.999942 -0.0107521 0
653 245 -0.91552 0.402274 -1 0 0
651 239 -0.914918 0.40364 -0.999942 0.0107521 0
646 234 -0.915869 0.401477 -0.999774 0.0212718 0
643 228 -0.917262 0.398285 -0.99948 0.0322413 0
638 223 -0.913812 0.406138 -0.999096 0.0425147 0
632 219 -0.912509 0.409056 -0.998558 0.0536859 0
626 214 -0.915025 0.403398 -0.997925 0.0643823 0
623 209 -0.912632 0.408783 -0.997179 0.0750565 0
617 205 -0.911587 0.411108 -0.99535 0.0963242 0
611 201 -0.913812 0.406138 -0.994269 0.106911 0
608 197 -0.911768 0.410706 -0.991778 0.127971 0
601 195 -0.912211 0.409722 -0.9916 0.129339 0
598 184 -0.90752 0.420009 -0.990371 0.138439 0
592 183 -0.906912 0.421321 -0.988858 0.14886 0
589 182 -0.907959 0.419058 -0.988619 0.150442 0
587 181 -0.907758 0.419494 -0.988858 0.14886 0
581 182 -0.909688 0.415292 -0.988619 0.150442 0
579 183 -0.909474 0.41576 -0.988619 0.150442 0
587 163 -0.902481 0.43073 -0.987241 0.159232 0
581 165 -0.90467 0.426113 -0.987506 0.157581 0
579 167 -0.902025 0.431683 -0.990371 0.138439 0
578 168 -0.900724 0.434392 -0.990371 0.138439 0
576 168 -0.903094 0.429443 -0.990164 0.139914 0
570 170 -0.902748 0.430169 -0.988619 0.150442 0
568 170 -0.902639 0.430398 -0.986685 0.16264 0
566 170 -0.902533 0.43062 -0.986394 0.164399 0
565 170 -0.90134 0.433112 -0.984563 0.175033 0
563 169 -0.903502 0.428584 -0.982242 0.187619 0
562 169 -0.902329 0.431049 -0.979715 0.200396 0
561 169 -0.901167 0.433473 -0.976973 0.213362 0
556 170 -0.902041 0.431651 -0.971457 0.237216 0
555 170 -0.900922 0.433981 -0.968099 0.250567 0
554 169 -0.901949 0.431842 -0.967372 0.253359 0
554 169 -0.901949 0.431842 -0.960646 0.277777 0
554 169 -0.901949 0.431842 -0.956532 0.291626 0
554 170 -0.901949 0.431842 -0.956532 0.291626 0
554 171 -0.901949 0.431842 -0.952151 0.305629 0
559 170 -0.901083 0.433646 -0.948683 0.316228 0
560 172 -0.900016 0.435857 -0.948683 0.316228 0
560 174 -0.90223 0.431255 -0.943858 0.33035 0
557 177 -0.903169 0.429284 -0.943858 0.33035 0
562 178 -0.902329 0.431049 -0.942549 0.334068 0
563 182 -0.903502 0.428584 -0.942549 0.334068 0
565 187 -0.90134 0.433112 -0.942549 0.334068 0
567 192 -0.903738 0.428086 -0.941195 0.337865 0
569 198 -0.90386 0.427827 -0.941195 0.337865 0
571 203 -0.903986 0.427561 -0.939793 0.341743 0
574 210 -0.902976 0.429692 -0.941195 0.337865 0
580 213 -0.90585 0.423599 -0.939793 0.341743 0
582 219 -0.903469 0.428653 -0.943667 0.330896 0
570 218 -0.900388 0.435087 -0.938343 0.345705 0
572 223 -0.902861 0.429934 -0.936842 0.349754 0
574 225 -0.900552 0.434749 -0.936842 0.349754 0
575 227 -0.901816 0.43212 -0.936842 0.349754 0
576 228 -0.903094 0.429443 -0.932703 0.360645 0
578 229 -0.903215 0.429187 -0.936842 0.349754 0
583 228 -0.902247 0.431221 -0.936842 0.349754 0
584 228 -0.901002 0.433816 -0.935286 0.353892 0
585 227 -0.902362 0.430979 -0.932703 0.360645 0
585 227 -0.902362 0.430979 -0.936842 0.349754 0
585 227 -0.902362 0.430979 -0.936842 0.349754 0
585 227 -0.902362 0.430979 -0.936842 0.349754 0
585 227 -0.902362 0.430979 -0.936842 0.349754 0
585 234 -0.904972 0.425472 -0.939422 0.342762 0
585 234 -0.904972 0.425472 -0.935286 0.353892 0
585 235 -0.904972 0.425472 -0.936842 0.349754 0
585 236 -0.904972 0.425472 -0.935286 0.353892 0
587 248 -0.907758 0.419494 -0.927586 0.373611 23.3343
587 248 -0.907758 0.419494 -0.927586 0.373611 23.3343
587 248 -0.907758 0.419494 -0.927586 0.373611 23.3343
587 248 -0.907758 0.419494 -0.927586 0.373611 23.3343
587 248 -0.907758 0.419494 -0.927586 0.373611 23.3343
587 248 -0.907758 0.419494 -0.927586 0.373611 23.3343
587 248 -0.907758 0.419494 -0.927586 0.373611 23.3343
587 248 -0.907758 0.419494 -0.927586 0.373611 23.3343
587 248 -0.907758 0.419494 -0.927586 0.373611 23.3343
587 248 -0.907758 0.419494 -0.927586 0.373611 23.3343
587 248 -0.907758 0.419494 -0.927586 0.373611 23.3343
587 248 -0.907758 0.419494 -0.927586 0.373611 23.3343
587 248 -0.907758 0.419494 -0.927586 0.373611 23.3343
587 248 -0.907758 0.419494 -0.927586 0.373611 23.3343
587 248 -0.907758 0.419494 -0.927586 0.373611 23.3343
587 248 -0.907758 0.419494 -0.927586 0.373611 20.449
587 248 -0.907758 0.419494 -0.927586 0.373611 18.6934
587 248 -0.907758 0.419494 -0.927586 0.373611 16.1247
588 248 -0.906536 0.422128 -0.933675 0.358122 8.56652
588 248 -0.906536 0.422128 -0.932005 0.362446 1.08705
589 248 -0.905292 0.424791 -0.937904 0.346896 0
589 248 -0.905292 0.424791 -0.937904 0.346896 0
589 248 -0.905292 0.424791 -0.932005 0.362446 0
589 248 -0.905292 0.424791 -0.932005 0.362446 0
589 248 -0.905292 0.424791 -0.932005 0.362446 0
589 248 -0.905292 0.424791 -0.936329 0.351123 0
589 248 -0.905292 0.424791 -0.942034 0.335519 0
589 248 -0.905292 0.424791 -0.94346 0.331486 0
589 249 -0.905292 0.424791 -0.94346 0.331486 0
589 250 -0.905292 0.424791 -0.948683 0.316228 0
589 251 -0.905292 0.424791 -0.952424 0.304776 0
590 252 -0.904023 0.427484 -0.95713 0.289658 0
590 253 -0.904023 0.427484 -0.961524 0.274721 0
589 254 -0.905292 0.424791 -0.96388 0.266335 0
589 254 -0.905292 0.424791 -0.967884 0.251398 0
589 255 -0.905292 0.424791 -0.97088 0.239568 0
588 255 -0.906536 0.422128 -0.97088 0.239568 0
587 255 -0.907758 0.419494 -0.974391 0.224859 0
587 256 -0.905129 0.425136 -0.977063 0.21295 0
583 258 -0.904819 0.425797 -0.977621 0.210374 0
593 262 -0.908381 0.418144 -0.980581 0.196116 0
595 261 -0.908602 0.417664 -0.982447 0.186541 0
591 263 -0.908167 0.418608 -0.982872 0.184289 0
589 264 -0.907959 0.419058 -0.982447 0.186541 0
589 265 -0.907959 0.419058 -0.982872 0.184289 0
587 266 -0.907758 0.419494 -0.982447 0.186541 0
581 268 -0.909688 0.415292 -0.982447 0.186541 0
580 269 -0.908342 0.418229 -0.982006 0.188847 0
579 269 -0.909474 0.41576 -0.982006 0.188847 0
578 269 -0.908148 0.41865 -0.982006 0.188847 0
577 269 -0.909267 0.416214 -0.982006 0.188847 0
576 269 -0.907959 0.419058 -0.979603 0.200944 0
572 274 -0.907598 0.419841 -0.979086 0.203446 0
571 274 -0.908677 0.4175 -0.979086 0.203446 0
571 274 -0.908677 0.4175 -0.979086 0.203446 0
571 273 -0.908677 0.4175 -0.976485 0.215587 0
570 273 -0.909738 0.415183 -0.975884 0.21829 0
570 273 -0.909738 0.415183 -0.975884 0.21829 0
570 273 -0.907424 0.420216 -0.975884 0.21829 0
570 271 -0.909738 0.415183 -0.97308 0.230466 0
570 271 -0.907424 0.420216 -0.973748 0.227629 0
574 269 -0.907776 0.419455 -0.97308 0.230466 0
574 269 -0.907776 0.419455 -0.97308 0.230466 0
574 269 -0.907776 0.419455 -0.97308 0.230466 0
574 269 -0.907776 0.419455 -0.97308 0.230466 0
574 269 -0.907776 0.419455 -0.97308 0.230466 0
574 269 -0.907776 0.419455 -0.97308 0.230466 0
574 269 -0.907776 0.419455 -0.97308 0.230466 0
574 269 -0.907776 0.419455 -0.97308 0.230466 0
570 271 -0.909738 0.415183 -0.973748 0.227629 0
570 272 -0.907424 0.420216 -0.976485 0.215587 0
570 272 -0.909738 0.415183 -0.976485 0.215587 0
570 272 -0.909738 0.415183 -0.976485 0.215587 1.33017
571 273 -0.908677 0.4175 -0.979603 0.200944 2.01297
571 274 -0.908677 0.4175 -0.979086 0.203446 6.01383
572 274 -0.909942 0.414735 -0.977063 0.21295 8.19647
572 275 -0.909942 0.414735 -0.979086 0.203446 10.1815
576 274 -0.907959 0.419058 -0.979603 0.200944 16.8107
576 274 -0.910366 0.413803 -0.979086 0.203446 22.5159
576 274 -0.910366 0.413803 -0.976485 0.215587 23.0756
576 275 -0.910366 0.413803 -0.979086 0.203446 23.0756
576 275 -0.910366 0.413803 -0.979086 0.203446 23.0756
576 276 -0.910366 0.413803 -0.979086 0.203446 22.3331
572 278 -0.907598 0.419841 -0.976485 0.215587 21.5297
572 278 -0.907598 0.419841 -0.976485 0.215587 20.7055
572 278 -0.907598 0.419841 -0.976485 0.215587 20.7055
572 278 -0.905237 0.424907 -0.979086 0.203446 17.7721
572 278 -0.905237 0.424907 -0.979603 0.200944 15.6695
571 277 -0.906339 0.42255 -0.976485 0.215587 9.87531
571 277 -0.906339 0.42255 -0.979086 0.203446 3.22674
571 276 -0.906339 0.42255 -0.977063 0.21295 0
570 275 -0.907424 0.420216 -0.979086 0.203446 0
570 274 -0.907424 0.420216 -0.976485 0.215587 0
570 274 -0.907424 0.420216 -0.979603 0.200944 0
569 273 -0.90849 0.417906 -0.979086 0.203446 0
569 273 -0.90849 0.417906 -0.979086 0.203446 0
569 272 -0.90849 0.417906 -0.979603 0.200944 0
569 272 -0.90849 0.417906 -0.982006 0.188847 0
569 272 -0.906183 0.422885 -0.984658 0.174496 0
568 271 -0.907255 0.420582 -0.984658 0.174496 0
568 271 -0.904954 0.425508 -0.987053 0.160396 0
567 271 -0.906031 0.423212 -0.988936 0.14834 0
567 270 -0.906031 0.423212 -0.988936 0.14834 0
567 270 -0.906031 0.423212 -0.990904 0.134567 0
566 270 -0.904819 0.425797 -0.994031 0.109101 0
565 270 -0.905882 0.423529 -0.995275 0.0971 0
564 270 -0.906929 0.421283 -0.997397 0.072101 0
559 272 -0.907627 0.419778 -0.99819 0.060132 0
562 271 -0.904557 0.426352 -0.998868 0.0475652 0
556 272 -0.906325 0.422581 -0.998868 0.0475652 0
554 271 -0.908281 0.41836 -0.999363 0.0356915 0
553 271 -0.905066 0.425272 -0.999717 0.0238028 0
552 271 -0.903958 0.427621 -0.999723 0.0235229 0
551 270 -0.904941 0.425538 -0.999723 0.0235229 0
551 270 -0.904941 0.425538 -0.999931 0.0117639 0
550 270 -0.905909 0.423472 -0.999931 0.0117639 0
548 271 -0.905777 0.423755 -0.999931 0.0117639 0
548 271 -0.907804 0.419395 -0.999723 0.0235229 0
548 273 -0.905777 0.423755 -0.999932 0.0116271 0
546 275 -0.905647 0.424031 -0.999932 0.0116271 0
541 278 -0.906313 0.422607 -0.999931 0.0117639 0
541 279 -0.906313 0.422607 -0.999932 0.0116271 0
541 280 -0.906313 0.422607 -0.999932 0.0116271 0
546 278 -0.905647 0.424031 -0.999934 0.0114935 0
542 280 -0.905397 0.424565 -0.999934 0.0114935 0
547 278 -0.9047 0.42605 -0.999934 0.0114935 0
547 278 -0.906721 0.421731 -0.999934 0.0114935 0
547 279 -0.9047 0.42605 -1 0 0
541 282 -0.906313 0.422607 -1 0 0
540 283 -0.905277 0.424823 -0.999934 -0.0114935 0
538 284 -0.907077 0.420964 -1 0 0
537 286 -0.906056 0.423158 -0.999934 -0.0114935 0
535 288 -0.907815 0.419371 -0.999934 -0.0114935 0
533 291 -0.907815 0.419371 -0.999932 -0.0116271 0
530 296 -0.907815 0.419371 -0.999932 -0.0116271 0
530 297 -0.907815 0.419371 -0.999934 -0.0114935 0
529 290 -0.904819 0.425797 -1 0 0
528 293 -0.904819 0.425797 -1 0 0
527 296 -0.90295 0.429746 -1 0 0
526 298 -0.903836 0.42788 -0.999935 0.0113629 0
524 301 -0.90471 0.426028 -0.999742 0.0227214 0
523 303 -0.903738 0.428086 -0.999742 0.0227214 0
523 305 -0.903738 0.428086 -0.999742 0.0227214 0
523 307 -0.903642 0.428289 -0.999748 0.0224662 0
522 308 -0.905347 0.424673 -0.999753 0.0222167 0
522 310 -0.904398 0.42669 -0.999445 0.0333148 0
521 312 -0.904298 0.426902 -0.999457 0.0329491 0
519 315 -0.902441 0.430814 -0.999457 0.0329491 0
518 316 -0.903278 0.429057 -0.999056 0.0434372 0
514 319 -0.90401 0.427512 -0.999076 0.042971 0
512 320 -0.903106 0.429418 -0.999076 0.042971 0
508 333 -0.909136 0.416501 -0.998526 0.0542677 0
504 336 -0.907311 0.420461 -0.997969 0.0637002 0
501 337 -0.908088 0.418779 -0.997925 0.0643823 0
498 338 -0.908857 0.417108 -0.997969 0.0637002 0
493 341 -0.908721 0.417403 -0.997969 0.0637002 0
489 344 -0.907833 0.419332 -0.998011 0.0630323 0
484 347 -0.906183 0.422885 -0.998011 0.0630323 0
479 350 -0.90695 0.421238 -0.997352 0.0727236 0
474 352 -0.908458 0.417976 -0.997352 0.0727236 0
470 356 -0.908458 0.417976 -0.996616 0.0821952 0
466 358 -0.908458 0.417976 -0.996616 0.0821952 0
449 371 -0.908088 0.418779 -0.997296 0.073485 0
446 373 -0.908088 0.418779 -0.997296 0.073485 0
443 374 -0.908857 0.417108 -0.997296 0.073485 0
441 375 -0.908857 0.417108 -0.997296 0.073485 0
441 375 -0.908857 0.417108 -0.997352 0.0727236 0
441 369 -0.907349 0.420377 -0.995893 0.0905357 0
441 369 -0.905758 0.423795 -0.995893 0.0905357 0
441 369 -0.905758 0.423795 -0.995893 0.0905357 0
441 369 -0.905758 0.423795 -0.996751 0.0805455 0
441 369 -0.905758 0.423795 -0.996751 0.0805455 0
442 368 -0.905008 0.425395 -0.995893 0.0905357 0
443 367 -0.905008 0.425395 -0.995974 0.0896377 0
444 366 -0.905008 0.425395 -0.996751 0.0805455 0
445 364 -0.90661 0.42197 -0.995809 0.0914519 0
448 362 -0.905861 0.423574 -0.995893 0.0905357 0
442 365 -0.906074 0.423119 -0.996546 0.0830455 0
446 362 -0.90695 0.421238 -0.996616 0.0821952 0
452 358 -0.906183 0.422885 -0.996546 0.0830455 0
454 356 -0.905407 0.424545 -0.996546 0.0830455 0
458 353 -0.905407 0.424545 -0.997296 0.073485 0
464 349 -0.906294 0.422647 -0.997239 0.0742625 0
466 348 -0.904621 0.426216 -0.997239 0.0742625 0
471 345 -0.904719 0.426008 -0.997239 0.0742625 0
474 343 -0.906408 0.422404 -0.997925 0.0643823 0
479 341 -0.905618 0.424094 -0.997925 0.0643823 0
484 338 -0.906523 0.422156 -0.997925 0.0643823 0
489 336 -0.906523 0.422156 -0.997925 0.0643823 0
494 335 -0.905727 0.423862 -0.998526 0.0542677 0
498 332 -0.90492 0.425581 -0.998558 0.0536859 0
503 328 -0.905837 0.423625 -0.998558 0.0536859 0
507 324 -0.905837 0.423625 -0.998526 0.0542677 0
512 319 -0.905837 0.423625 -0.998526 0.0542677 0
517 314 -0.905837 0.423625 -0.99788 0.0650791 0
521 309 -0.906884 0.42138 -0.99788 0.0650791 0
525 305 -0.905347 0.424673 -0.99788 0.0650791 0
534 298 -0.90493 0.425561 -0.997118 0.0758677 0
538 293 -0.905158 0.425074 -0.99788 0.0650791 0
542 289 -0.905397 0.424565 -0.99788 0.0650791 0
550 282 -0.905909 0.423472 -0.997118 0.0758677 0
553 278 -0.905066 0.425272 -0.997118 0.0758677 0
556 275 -0.904189 0.427132 -0.997118 0.0758677 0
583 253 -0.902247 0.431221 -0.996321 0.085705 0
585 250 -0.902362 0.430979 -0.99535 0.0963242 0
587 247 -0.902481 0.43073 -0.995448 0.0953088 0
588 244 -0.903878 0.42779 -0.99535 0.0963242 0
594 240 -0.901523 0.432731 -0.99535 0.0963242 0
595 237 -0.902995 0.429651 -0.995249 0.0973613 0
597 234 -0.903134 0.429359 -0.99535 0.0963242 0
598 232 -0.901756 0.432246 -0.995249 0.0973613 0
600 229 -0.901878 0.431992 -0.995249 0.0973613 0
596 236 -0.904485 0.426505 -0.995145 0.0984209 0
598 233 -0.904649 0.426157 -0.995037 0.0995037 0
599 230 -0.906183 0.422885 -0.993884 0.110432 0
600 229 -0.904819 0.425797 -0.992613 0.121319 0
601 228 -0.903426 0.428744 -0.992613 0.121319 0
601 227 -0.903426 0.428744 -0.991032 0.133622 0
606 207 -0.89915 0.43764 -0.988372 0.152057 0
606 207 -0.89915 0.43764 -0.986394 0.164399 0
608 207 -0.896036 0.443982 -0.984222 0.176939 2.16623
608 206 -0.899235 0.437466 -0.977476 0.211046 12.7818
609 205 -0.900883 0.434062 -0.969483 0.245157 22.526
614 204 -0.899508 0.436904 -0.965286 0.261195 29.1836
615 204 -0.901252 0.433294 -0.961524 0.274721 30.1807
617 204 -0.901385 0.433018 -0.958452 0.285254 31.1335
622 204 -0.899924 0.436046 -0.961524 0.274721 30.0636
627 204 -0.902134 0.431455 -0.961524 0.274721 26.1297
629 206 -0.898384 0.43921 -0.962374 0.271729 24.2906
633 206 -0.902666 0.430341 -0.961524 0.274721 21.915
635 207 -0.898666 0.438634 -0.965286 0.261195 17.8566
635 208 -0.898666 0.438634 -0.962374 0.271729 11.3524
636 208 -0.900844 0.434142 -0.962374 0.271729 2.49588
636 209 -0.900844 0.434142 -0.965286 0.261195 0
636 209 -0.900844 0.434142 -0.962374 0.271729 0
652 222 -0.907563 0.419917 -0.968099 0.250567 0
652 223 -0.907563 0.419917 -0.968099 0.250567 0
652 224 -0.907563 0.419917 -0.968099 0.250567 0
652 225 -0.907563 0.419917 -0.971457 0.237216 0
652 225 -0.907563 0.419917 -0.970811 0.239847 0
652 226 -0.907563 0.419917 -0.970811 0.239847 0
652 227 -0.907563 0.419917 -0.973417 0.229039 0
652 228 -0.907563 0.419917 -0.974008 0.226514 0
653 229 -0.910366 0.413803 -0.976973 0.213362 0
653 231 -0.910366 0.413803 -0.97926 0.202606 0
653 233 -0.910366 0.413803 -0.981439 0.191775 0
654 236 -0.907959 0.419058 -0.98387 0.178885 0
654 240 -0.907959 0.419058 -0.9895 0.144534 0
699 217 -0.911922 0.410365 -0.991138 0.132833 0
697 223 -0.910366 0.413803 -0.994834 0.101514 0
699 227 -0.911922 0.410365 -0.998205 0.0598923 0
699 231 -0.911922 0.410365 -0.999201 0.039968 0
699 233 -0.911922 0.410365 -0.999952 0.00980345 0.751185
699 235 -0.911922 0.410365 -0.999952 -0.00980345 4.95807
699 236 -0.911922 0.410365 -0.999568 -0.0293991 7.48104
699 236 -0.911922 0.410365 -0.999247 -0.0388057 7.99461
699 237 -0.911922 0.410365 -0.999232 -0.0391856 6.17979
699 237 -0.911922 0.410365 -0.998824 -0.0484866 6.66395
697 238 -0.910366 0.413803 -0.999232 -0.0391856 6.68852
696 238 -0.91707 0.398726 -0.998801 -0.0489608 6.68852
696 238 -0.91707 0.398726 -0.999232 -0.0391856 8.35078
694 239 -0.915315 0.402739 -0.998824 -0.0484866 10.6482
694 240 -0.915315 0.402739 -0.998801 -0.0489608 15.3313
694 240 -0.915315 0.402739 -0.999232 -0.0391856 17.8851
694 240 -0.915315 0.402739 -0.999232 -0.0391856 18.6446
651 263 -0.909908 0.414811 -0.998727 -0.0504408 17.7659
651 263 -0.909908 0.414811 -0.998169 -0.0604951 18.3015
651 263 -0.909908 0.414811 -0.998169 -0.0604951 18.3015
651 263 -0.909908 0.414811 -0.998169 -0.0604951 17.691
651 263 -0.909908 0.414811 -0.998727 -0.0504408 15.5626
648 265 -0.906835 0.421487 -0.998169 -0.0604951 8.46441
648 265 -0.906835 0.421487 -0.998701 -0.0509541 6.27629
648 265 -0.906835 0.421487 -0.999792 -0.0204039 1.9112
648 264 -0.906835 0.421487 -0.999948 -0.0102036 0
648 264 -0.906835 0.421487 -0.999948 0.0102036 0
647 263 -0.909065 0.416655 -0.999512 0.0312348 0
647 263 -0.904249 0.427006 -0.998618 0.0525588 0.0764394
647 263 -0.904249 0.427006 -0.997296 0.073485 4.30929
647 263 -0.904249 0.427006 -0.997296 0.073485 4.30929